{
 "cells": [
  {
   "cell_type": "code",
   "execution_count": 1,
   "metadata": {},
   "outputs": [],
   "source": [
    "#Library needed\n",
    "\n",
    "import numpy as np\n",
    "import pandas as pd\n",
    "import matplotlib.pyplot as plt\n",
    "import seaborn as sns\n",
    "import plotly.express as px\n",
    "import plotly.graph_objects as go\n",
    "from plotly.offline import download_plotlyjs, init_notebook_mode, plot, iplot\n",
    "\n",
    "#this line will allow to set an option in pandas for it display all the columns of the dataset \n",
    "# what ever the number\n",
    "pd.set_option('display.max_columns', None)"
   ]
  },
  {
   "cell_type": "code",
   "execution_count": 86,
   "metadata": {},
   "outputs": [],
   "source": [
    "#upload csv file\n",
    "\n",
    "species = pd.read_csv(\"C:/Users/marie/Documents/DSTI_Cours/Python_Class/Python_Lab/Exam_project/Project 2/Resources/doi_10_5061_dryad_xpnvx0kmn__v20230901/species.csv\", sep=';', index_col='Index')\n",
    "\n",
    "index= pd.read_csv(\"C:/Users/marie/Documents/DSTI_Cours/Python_Class/Python_Lab/Exam_project/Project 2/CoralReefFishSpeciesAssessment/Data/Species_diversity.csv\", sep=';')"
   ]
  },
  {
   "cell_type": "markdown",
   "metadata": {},
   "source": [
    "Merge of the dataset to get the indexes in the species tables"
   ]
  },
  {
   "cell_type": "code",
   "execution_count": 87,
   "metadata": {},
   "outputs": [
    {
     "name": "stdout",
     "output_type": "stream",
     "text": [
      "<class 'pandas.core.frame.DataFrame'>\n",
      "RangeIndex: 3999 entries, 0 to 3998\n",
      "Data columns (total 4 columns):\n",
      " #   Column          Non-Null Count  Dtype  \n",
      "---  ------          --------------  -----  \n",
      " 0   site            3999 non-null   object \n",
      " 1   Total           3999 non-null   float64\n",
      " 2   Nb_dif_Sp       3999 non-null   int64  \n",
      " 3   Margalef_Index  3999 non-null   float64\n",
      "dtypes: float64(2), int64(1), object(1)\n",
      "memory usage: 125.1+ KB\n"
     ]
    }
   ],
   "source": [
    "index.info()"
   ]
  },
  {
   "cell_type": "code",
   "execution_count": 89,
   "metadata": {},
   "outputs": [
    {
     "name": "stdout",
     "output_type": "stream",
     "text": [
      "<class 'pandas.core.frame.DataFrame'>\n",
      "Index: 3999 entries, 0 to 3998\n",
      "Data columns (total 55 columns):\n",
      " #   Column                       Non-Null Count  Dtype  \n",
      "---  ------                       --------------  -----  \n",
      " 0   site                         3999 non-null   object \n",
      " 1   model                        3999 non-null   object \n",
      " 2   Year                         3999 non-null   int64  \n",
      " 3   Month                        3999 non-null   object \n",
      " 4   Latitude                     3999 non-null   float64\n",
      " 5   Longitude                    3999 non-null   float64\n",
      " 6   Depth                        3999 non-null   float64\n",
      " 7   Region                       3999 non-null   object \n",
      " 8   Coral_cover                  3292 non-null   float64\n",
      " 9   Reef_complexity              3292 non-null   float64\n",
      " 10  SST                          3999 non-null   float64\n",
      " 11  NPP                          3999 non-null   float64\n",
      " 12  Wave_exposure                3999 non-null   float64\n",
      " 13  Habitat_type_classLV0        3999 non-null   object \n",
      " 14  Habitat_type_classLV2        3999 non-null   object \n",
      " 15  Coral_area_UFRTM_20km        3999 non-null   int64  \n",
      " 16  Coral_area_UFRTM_200km       3999 non-null   int64  \n",
      " 17  Depth_Sbrocco                3999 non-null   float64\n",
      " 18  Deepwater                    3999 non-null   float64\n",
      " 19  FSA                          3999 non-null   float64\n",
      " 20  Marina_slips_10km            3999 non-null   int64  \n",
      " 21  Marina_slips_25km            3999 non-null   int64  \n",
      " 22  Marine_reserve               3999 non-null   object \n",
      " 23  Population_20km              3999 non-null   int64  \n",
      " 24  Population_50km              3999 non-null   int64  \n",
      " 25  Recreational_fishermen_50km  3999 non-null   int64  \n",
      " 26  Tourist_fishing              3999 non-null   float64\n",
      " 27  Artificial_reefs_1km         3999 non-null   int64  \n",
      " 28  SG_permits_50km              3999 non-null   int64  \n",
      " 29  SG_charter_permits_25km      3999 non-null   int64  \n",
      " 30  Total_gravity_intercept      3896 non-null   float64\n",
      " 31  Total_gravity                3896 non-null   float64\n",
      " 32  Keys_Divisions               2570 non-null   object \n",
      " 33  FKNMS                        1658 non-null   object \n",
      " 34  DryTortugas                  627 non-null    object \n",
      " 35  BNP                          259 non-null    object \n",
      " 36  CoralECA                     1364 non-null   object \n",
      " 37  Nursery_seagrass             3999 non-null   float64\n",
      " 38  Nursery_mangroves            3999 non-null   float64\n",
      " 39  connectivity                 3376 non-null   float64\n",
      " 40  Comm_engagement              3910 non-null   float64\n",
      " 41  Comm_reliance                3910 non-null   float64\n",
      " 42  Rec_engagement               3910 non-null   float64\n",
      " 43  Rec_reliance                 3910 non-null   float64\n",
      " 44  Commercial_pounds_landed     3998 non-null   float64\n",
      " 45  Pop_per_area_reef_20km       3999 non-null   float64\n",
      " 46  Random                       3999 non-null   int64  \n",
      " 47  impact                       2779 non-null   float64\n",
      " 48  YEAR                         3999 non-null   int64  \n",
      " 49  HABITAT_CD                   3999 non-null   object \n",
      " 50  REGION                       3999 non-null   object \n",
      " 51  PCT_CORAL                    3292 non-null   float64\n",
      " 52  MAX_HARD_RELIEF              3292 non-null   float64\n",
      " 53  no.divers                    3999 non-null   int64  \n",
      " 54  Diversity_index              3999 non-null   float64\n",
      "dtypes: float64(27), int64(14), object(14)\n",
      "memory usage: 1.7+ MB\n"
     ]
    }
   ],
   "source": [
    "species.info()"
   ]
  },
  {
   "cell_type": "code",
   "execution_count": 90,
   "metadata": {},
   "outputs": [],
   "source": [
    "#Inner join\n",
    "species_2 = pd.merge(left=species, right=index, on='site')"
   ]
  },
  {
   "cell_type": "code",
   "execution_count": 91,
   "metadata": {},
   "outputs": [
    {
     "name": "stdout",
     "output_type": "stream",
     "text": [
      "<class 'pandas.core.frame.DataFrame'>\n",
      "RangeIndex: 3999 entries, 0 to 3998\n",
      "Data columns (total 58 columns):\n",
      " #   Column                       Non-Null Count  Dtype  \n",
      "---  ------                       --------------  -----  \n",
      " 0   site                         3999 non-null   object \n",
      " 1   model                        3999 non-null   object \n",
      " 2   Year                         3999 non-null   int64  \n",
      " 3   Month                        3999 non-null   object \n",
      " 4   Latitude                     3999 non-null   float64\n",
      " 5   Longitude                    3999 non-null   float64\n",
      " 6   Depth                        3999 non-null   float64\n",
      " 7   Region                       3999 non-null   object \n",
      " 8   Coral_cover                  3292 non-null   float64\n",
      " 9   Reef_complexity              3292 non-null   float64\n",
      " 10  SST                          3999 non-null   float64\n",
      " 11  NPP                          3999 non-null   float64\n",
      " 12  Wave_exposure                3999 non-null   float64\n",
      " 13  Habitat_type_classLV0        3999 non-null   object \n",
      " 14  Habitat_type_classLV2        3999 non-null   object \n",
      " 15  Coral_area_UFRTM_20km        3999 non-null   int64  \n",
      " 16  Coral_area_UFRTM_200km       3999 non-null   int64  \n",
      " 17  Depth_Sbrocco                3999 non-null   float64\n",
      " 18  Deepwater                    3999 non-null   float64\n",
      " 19  FSA                          3999 non-null   float64\n",
      " 20  Marina_slips_10km            3999 non-null   int64  \n",
      " 21  Marina_slips_25km            3999 non-null   int64  \n",
      " 22  Marine_reserve               3999 non-null   object \n",
      " 23  Population_20km              3999 non-null   int64  \n",
      " 24  Population_50km              3999 non-null   int64  \n",
      " 25  Recreational_fishermen_50km  3999 non-null   int64  \n",
      " 26  Tourist_fishing              3999 non-null   float64\n",
      " 27  Artificial_reefs_1km         3999 non-null   int64  \n",
      " 28  SG_permits_50km              3999 non-null   int64  \n",
      " 29  SG_charter_permits_25km      3999 non-null   int64  \n",
      " 30  Total_gravity_intercept      3896 non-null   float64\n",
      " 31  Total_gravity                3896 non-null   float64\n",
      " 32  Keys_Divisions               2570 non-null   object \n",
      " 33  FKNMS                        1658 non-null   object \n",
      " 34  DryTortugas                  627 non-null    object \n",
      " 35  BNP                          259 non-null    object \n",
      " 36  CoralECA                     1364 non-null   object \n",
      " 37  Nursery_seagrass             3999 non-null   float64\n",
      " 38  Nursery_mangroves            3999 non-null   float64\n",
      " 39  connectivity                 3376 non-null   float64\n",
      " 40  Comm_engagement              3910 non-null   float64\n",
      " 41  Comm_reliance                3910 non-null   float64\n",
      " 42  Rec_engagement               3910 non-null   float64\n",
      " 43  Rec_reliance                 3910 non-null   float64\n",
      " 44  Commercial_pounds_landed     3998 non-null   float64\n",
      " 45  Pop_per_area_reef_20km       3999 non-null   float64\n",
      " 46  Random                       3999 non-null   int64  \n",
      " 47  impact                       2779 non-null   float64\n",
      " 48  YEAR                         3999 non-null   int64  \n",
      " 49  HABITAT_CD                   3999 non-null   object \n",
      " 50  REGION                       3999 non-null   object \n",
      " 51  PCT_CORAL                    3292 non-null   float64\n",
      " 52  MAX_HARD_RELIEF              3292 non-null   float64\n",
      " 53  no.divers                    3999 non-null   int64  \n",
      " 54  Diversity_index              3999 non-null   float64\n",
      " 55  Total                        3999 non-null   float64\n",
      " 56  Nb_dif_Sp                    3999 non-null   int64  \n",
      " 57  Margalef_Index               3999 non-null   float64\n",
      "dtypes: float64(29), int64(15), object(14)\n",
      "memory usage: 1.8+ MB\n"
     ]
    }
   ],
   "source": [
    "species_2.info()"
   ]
  },
  {
   "cell_type": "markdown",
   "metadata": {},
   "source": [
    "Based on the exploration I select the following features:\n",
    "- Numerical: Nursery_seagrass, nursery_mangrove, connectivity, coral_cover, reef_complexity, tourist fishing, marina slip 25km, SG permits 50km, rec reliance, commercial pound landed, artificial reef, pop per aera reef 20km, recreational fishermen 50km, Depth, wave exposure, depth sbrocco, deepwater, SST, Marina slips 10 km, and NPP\n",
    "\n",
    "- Categorical Region, habibtat type class LV2\n",
    "\n",
    "- kept the adding index col to get the number of fish per sites, the number of different fish observed per site and the margaleft index showing the fish diversity\n",
    "\n",
    "The numerical cols contain missing values for coral_cover, reef_complexity, and connectivity by filling them I will use the mean of the values for each features in function of the Habitat_type_classLV2 and region."
   ]
  },
  {
   "cell_type": "code",
   "execution_count": 92,
   "metadata": {},
   "outputs": [
    {
     "data": {
      "text/plain": [
       "Index(['site', 'model', 'Year', 'Month', 'Latitude', 'Longitude', 'Depth',\n",
       "       'Region', 'Coral_cover', 'Reef_complexity', 'SST', 'NPP',\n",
       "       'Wave_exposure', 'Habitat_type_classLV0', 'Habitat_type_classLV2',\n",
       "       'Coral_area_UFRTM_20km', 'Coral_area_UFRTM_200km', 'Depth_Sbrocco',\n",
       "       'Deepwater', 'FSA', 'Marina_slips_10km', 'Marina_slips_25km',\n",
       "       'Marine_reserve', 'Population_20km', 'Population_50km',\n",
       "       'Recreational_fishermen_50km', 'Tourist_fishing',\n",
       "       'Artificial_reefs_1km', 'SG_permits_50km', 'SG_charter_permits_25km',\n",
       "       'Total_gravity_intercept', 'Total_gravity', 'Keys_Divisions', 'FKNMS',\n",
       "       'DryTortugas', 'BNP', 'CoralECA', 'Nursery_seagrass',\n",
       "       'Nursery_mangroves', 'connectivity', 'Comm_engagement', 'Comm_reliance',\n",
       "       'Rec_engagement', 'Rec_reliance', 'Commercial_pounds_landed',\n",
       "       'Pop_per_area_reef_20km', 'Random', 'impact', 'YEAR', 'HABITAT_CD',\n",
       "       'REGION', 'PCT_CORAL', 'MAX_HARD_RELIEF', 'no.divers',\n",
       "       'Diversity_index', 'Total', 'Nb_dif_Sp', 'Margalef_Index'],\n",
       "      dtype='object')"
      ]
     },
     "execution_count": 92,
     "metadata": {},
     "output_type": "execute_result"
    }
   ],
   "source": [
    "species_2.columns"
   ]
  },
  {
   "cell_type": "code",
   "execution_count": 93,
   "metadata": {},
   "outputs": [],
   "source": [
    "#Create a copy of the data set to drop the unuseable columns and fill the missing values\n",
    "\n",
    "test = species_2.loc[:,['Depth',\n",
    "       'Region', 'Coral_cover', 'Reef_complexity', 'SST', 'NPP',\n",
    "       'Wave_exposure','Habitat_type_classLV2', 'Depth_Sbrocco',\n",
    "       'Deepwater','Marina_slips_10km', 'Tourist_fishing',\n",
    "       'Artificial_reefs_1km','SG_permits_50km', 'Total_gravity','Nursery_seagrass',\n",
    "       'Nursery_mangroves', 'connectivity', 'Diversity_index', 'Total', 'Nb_dif_Sp', 'Margalef_Index'\n",
    "]]"
   ]
  },
  {
   "cell_type": "code",
   "execution_count": 94,
   "metadata": {},
   "outputs": [
    {
     "name": "stdout",
     "output_type": "stream",
     "text": [
      "<class 'pandas.core.frame.DataFrame'>\n",
      "RangeIndex: 3999 entries, 0 to 3998\n",
      "Data columns (total 22 columns):\n",
      " #   Column                 Non-Null Count  Dtype  \n",
      "---  ------                 --------------  -----  \n",
      " 0   Depth                  3999 non-null   float64\n",
      " 1   Region                 3999 non-null   object \n",
      " 2   Coral_cover            3292 non-null   float64\n",
      " 3   Reef_complexity        3292 non-null   float64\n",
      " 4   SST                    3999 non-null   float64\n",
      " 5   NPP                    3999 non-null   float64\n",
      " 6   Wave_exposure          3999 non-null   float64\n",
      " 7   Habitat_type_classLV2  3999 non-null   object \n",
      " 8   Depth_Sbrocco          3999 non-null   float64\n",
      " 9   Deepwater              3999 non-null   float64\n",
      " 10  Marina_slips_10km      3999 non-null   int64  \n",
      " 11  Tourist_fishing        3999 non-null   float64\n",
      " 12  Artificial_reefs_1km   3999 non-null   int64  \n",
      " 13  SG_permits_50km        3999 non-null   int64  \n",
      " 14  Total_gravity          3896 non-null   float64\n",
      " 15  Nursery_seagrass       3999 non-null   float64\n",
      " 16  Nursery_mangroves      3999 non-null   float64\n",
      " 17  connectivity           3376 non-null   float64\n",
      " 18  Diversity_index        3999 non-null   float64\n",
      " 19  Total                  3999 non-null   float64\n",
      " 20  Nb_dif_Sp              3999 non-null   int64  \n",
      " 21  Margalef_Index         3999 non-null   float64\n",
      "dtypes: float64(16), int64(4), object(2)\n",
      "memory usage: 687.5+ KB\n"
     ]
    }
   ],
   "source": [
    "test.info()"
   ]
  },
  {
   "cell_type": "code",
   "execution_count": 95,
   "metadata": {},
   "outputs": [
    {
     "data": {
      "text/plain": [
       "Habitat_type_classLV2                Region  \n",
       "Aggregate Reef                       DRY TORT    4.740157\n",
       "                                     FLA KEYS    2.994240\n",
       "                                     SEFCRI      1.752857\n",
       "Colonized Pavement                   FLA KEYS    2.252332\n",
       "                                     SEFCRI      1.249485\n",
       "Individual or Aggregated Patch Reef  DRY TORT    4.717778\n",
       "                                     FLA KEYS    6.587518\n",
       "                                     SEFCRI      1.746295\n",
       "Pavement                             FLA KEYS    2.737093\n",
       "Pavement with Sand Channels          DRY TORT    2.000000\n",
       "                                     FLA KEYS    2.514799\n",
       "Reef Rubble                          FLA KEYS    1.000000\n",
       "Ridge                                FLA KEYS    2.546567\n",
       "                                     SEFCRI      1.000000\n",
       "Spur and Groove                      DRY TORT    5.306240\n",
       "                                     FLA KEYS    3.274208\n",
       "                                     SEFCRI      2.500000\n",
       "Name: Coral_cover, dtype: float64"
      ]
     },
     "execution_count": 95,
     "metadata": {},
     "output_type": "execute_result"
    }
   ],
   "source": [
    "#Fill the missing values by the mean of the values in function of habitat type class lv2\n",
    "test.groupby(['Habitat_type_classLV2','Region'])['Coral_cover'].median()\n"
   ]
  },
  {
   "cell_type": "code",
   "execution_count": 96,
   "metadata": {},
   "outputs": [
    {
     "data": {
      "text/html": [
       "<div>\n",
       "<style scoped>\n",
       "    .dataframe tbody tr th:only-of-type {\n",
       "        vertical-align: middle;\n",
       "    }\n",
       "\n",
       "    .dataframe tbody tr th {\n",
       "        vertical-align: top;\n",
       "    }\n",
       "\n",
       "    .dataframe thead th {\n",
       "        text-align: right;\n",
       "    }\n",
       "</style>\n",
       "<table border=\"1\" class=\"dataframe\">\n",
       "  <thead>\n",
       "    <tr style=\"text-align: right;\">\n",
       "      <th></th>\n",
       "      <th>Habitat_type_classLV2</th>\n",
       "      <th>Region</th>\n",
       "    </tr>\n",
       "  </thead>\n",
       "  <tbody>\n",
       "    <tr>\n",
       "      <th>1350</th>\n",
       "      <td>Spur and Groove</td>\n",
       "      <td>SEFCRI</td>\n",
       "    </tr>\n",
       "    <tr>\n",
       "      <th>1351</th>\n",
       "      <td>Spur and Groove</td>\n",
       "      <td>SEFCRI</td>\n",
       "    </tr>\n",
       "    <tr>\n",
       "      <th>1352</th>\n",
       "      <td>Spur and Groove</td>\n",
       "      <td>SEFCRI</td>\n",
       "    </tr>\n",
       "    <tr>\n",
       "      <th>1353</th>\n",
       "      <td>Spur and Groove</td>\n",
       "      <td>SEFCRI</td>\n",
       "    </tr>\n",
       "    <tr>\n",
       "      <th>1354</th>\n",
       "      <td>Spur and Groove</td>\n",
       "      <td>SEFCRI</td>\n",
       "    </tr>\n",
       "    <tr>\n",
       "      <th>...</th>\n",
       "      <td>...</td>\n",
       "      <td>...</td>\n",
       "    </tr>\n",
       "    <tr>\n",
       "      <th>3327</th>\n",
       "      <td>Ridge</td>\n",
       "      <td>SEFCRI</td>\n",
       "    </tr>\n",
       "    <tr>\n",
       "      <th>3328</th>\n",
       "      <td>Ridge</td>\n",
       "      <td>SEFCRI</td>\n",
       "    </tr>\n",
       "    <tr>\n",
       "      <th>3350</th>\n",
       "      <td>Colonized Pavement</td>\n",
       "      <td>SEFCRI</td>\n",
       "    </tr>\n",
       "    <tr>\n",
       "      <th>3394</th>\n",
       "      <td>Ridge</td>\n",
       "      <td>SEFCRI</td>\n",
       "    </tr>\n",
       "    <tr>\n",
       "      <th>3436</th>\n",
       "      <td>Ridge</td>\n",
       "      <td>SEFCRI</td>\n",
       "    </tr>\n",
       "  </tbody>\n",
       "</table>\n",
       "<p>707 rows × 2 columns</p>\n",
       "</div>"
      ],
      "text/plain": [
       "     Habitat_type_classLV2  Region\n",
       "1350       Spur and Groove  SEFCRI\n",
       "1351       Spur and Groove  SEFCRI\n",
       "1352       Spur and Groove  SEFCRI\n",
       "1353       Spur and Groove  SEFCRI\n",
       "1354       Spur and Groove  SEFCRI\n",
       "...                    ...     ...\n",
       "3327                 Ridge  SEFCRI\n",
       "3328                 Ridge  SEFCRI\n",
       "3350    Colonized Pavement  SEFCRI\n",
       "3394                 Ridge  SEFCRI\n",
       "3436                 Ridge  SEFCRI\n",
       "\n",
       "[707 rows x 2 columns]"
      ]
     },
     "execution_count": 96,
     "metadata": {},
     "output_type": "execute_result"
    }
   ],
   "source": [
    "test.loc[test.Coral_cover.isna(),['Habitat_type_classLV2','Region']]"
   ]
  },
  {
   "cell_type": "code",
   "execution_count": 97,
   "metadata": {},
   "outputs": [],
   "source": [
    "coral_median = test.groupby(['Habitat_type_classLV2','Region'])['Coral_cover'].median().astype(int).to_dict()"
   ]
  },
  {
   "cell_type": "code",
   "execution_count": 98,
   "metadata": {},
   "outputs": [
    {
     "data": {
      "text/plain": [
       "dict_keys([('Aggregate Reef', 'DRY TORT'), ('Aggregate Reef', 'FLA KEYS'), ('Aggregate Reef', 'SEFCRI'), ('Colonized Pavement', 'FLA KEYS'), ('Colonized Pavement', 'SEFCRI'), ('Individual or Aggregated Patch Reef', 'DRY TORT'), ('Individual or Aggregated Patch Reef', 'FLA KEYS'), ('Individual or Aggregated Patch Reef', 'SEFCRI'), ('Pavement', 'FLA KEYS'), ('Pavement with Sand Channels', 'DRY TORT'), ('Pavement with Sand Channels', 'FLA KEYS'), ('Reef Rubble', 'FLA KEYS'), ('Ridge', 'FLA KEYS'), ('Ridge', 'SEFCRI'), ('Spur and Groove', 'DRY TORT'), ('Spur and Groove', 'FLA KEYS'), ('Spur and Groove', 'SEFCRI')])"
      ]
     },
     "execution_count": 98,
     "metadata": {},
     "output_type": "execute_result"
    }
   ],
   "source": [
    "coral_median.keys()"
   ]
  },
  {
   "cell_type": "code",
   "execution_count": 99,
   "metadata": {},
   "outputs": [
    {
     "data": {
      "text/plain": [
       "4"
      ]
     },
     "execution_count": 99,
     "metadata": {},
     "output_type": "execute_result"
    }
   ],
   "source": [
    "coral_median[('Aggregate Reef', 'DRY TORT')]"
   ]
  },
  {
   "cell_type": "code",
   "execution_count": 100,
   "metadata": {},
   "outputs": [],
   "source": [
    "def coral_fill_na(Habitat_Region):\n",
    "    Habitat_Region = tuple(Habitat_Region)\n",
    "    val = coral_median[Habitat_Region]\n",
    "    return val"
   ]
  },
  {
   "cell_type": "code",
   "execution_count": 101,
   "metadata": {},
   "outputs": [
    {
     "data": {
      "text/plain": [
       "4"
      ]
     },
     "execution_count": 101,
     "metadata": {},
     "output_type": "execute_result"
    }
   ],
   "source": [
    "coral_fill_na(['Aggregate Reef', 'DRY TORT'])"
   ]
  },
  {
   "cell_type": "code",
   "execution_count": 102,
   "metadata": {},
   "outputs": [],
   "source": [
    "for Habitat_type_classLV2,Region in coral_median.keys():\n",
    "    temp = test.loc[(test.Habitat_type_classLV2 == Habitat_type_classLV2) & (test.Region == Region), :]\n",
    "    missing_val_index = temp.loc[temp.Coral_cover.isna()].index\n",
    "    test.loc[missing_val_index, 'Coral_cover'] = coral_fill_na([Habitat_type_classLV2,Region])"
   ]
  },
  {
   "cell_type": "markdown",
   "metadata": {},
   "source": [
    "The same logic is used for reef complexity and connectivity"
   ]
  },
  {
   "cell_type": "code",
   "execution_count": 103,
   "metadata": {},
   "outputs": [],
   "source": [
    "#Reef complixity\n",
    "\n",
    "Reef_median = test.groupby(['Habitat_type_classLV2','Region'])['Reef_complexity'].median().astype(int).to_dict()\n",
    "\n",
    "def reef_fill_na(Habitat_Region):\n",
    "    Habitat_Region = tuple(Habitat_Region)\n",
    "    val_reef = Reef_median[Habitat_Region]\n",
    "    return val_reef\n",
    "\n",
    "for Habitat_type_classLV2,Region in Reef_median.keys():\n",
    "    temp = test.loc[(test.Habitat_type_classLV2 == Habitat_type_classLV2) & (test.Region == Region), :]\n",
    "    missing_val_index = temp.loc[temp.Reef_complexity.isna()].index\n",
    "    test.loc[missing_val_index, 'Reef_complexity'] = reef_fill_na([Habitat_type_classLV2,Region])\n"
   ]
  },
  {
   "cell_type": "code",
   "execution_count": 104,
   "metadata": {},
   "outputs": [],
   "source": [
    "#Connectivity\n",
    "\n",
    "conn_median = test.groupby(['Habitat_type_classLV2','Region'])['connectivity'].median().astype(int).to_dict()\n",
    "\n",
    "def conn_fill_na(Habitat_Region):\n",
    "    Habitat_Region = tuple(Habitat_Region)\n",
    "    val_conn = Reef_median[Habitat_Region]\n",
    "    return val_conn\n",
    "\n",
    "for Habitat_type_classLV2,Region in conn_median.keys():\n",
    "    temp = test.loc[(test.Habitat_type_classLV2 == Habitat_type_classLV2) & (test.Region == Region), :]\n",
    "    missing_val_index = temp.loc[temp.connectivity.isna()].index\n",
    "    test.loc[missing_val_index, 'connectivity'] = reef_fill_na([Habitat_type_classLV2,Region])"
   ]
  },
  {
   "cell_type": "code",
   "execution_count": 116,
   "metadata": {},
   "outputs": [],
   "source": [
    "#Total_gravity\n",
    "\n",
    "grav_median = test.groupby(['Habitat_type_classLV2','Region'])['Total_gravity'].median().astype(int).to_dict()\n",
    "\n",
    "def grav_fill_na(Habitat_Region):\n",
    "    Habitat_Region = tuple(Habitat_Region)\n",
    "    val_grav = Reef_median[Habitat_Region]\n",
    "    return val_grav\n",
    "\n",
    "for Habitat_type_classLV2,Region in grav_median.keys():\n",
    "    temp = test.loc[(test.Habitat_type_classLV2 == Habitat_type_classLV2) & (test.Region == Region), :]\n",
    "    missing_val_index = temp.loc[temp.Total_gravity.isna()].index\n",
    "    test.loc[missing_val_index, 'Total_gravity'] = grav_fill_na([Habitat_type_classLV2,Region])"
   ]
  },
  {
   "cell_type": "code",
   "execution_count": 106,
   "metadata": {},
   "outputs": [
    {
     "data": {
      "application/vnd.plotly.v1+json": {
       "config": {
        "plotlyServerURL": "https://plot.ly"
       },
       "data": [
        {
         "coloraxis": "coloraxis",
         "hovertemplate": "x: %{x}<br>y: %{y}<br>color: %{z}<extra></extra>",
         "name": "0",
         "type": "heatmap",
         "x": [
          "Depth",
          "Coral_cover",
          "Reef_complexity",
          "SST",
          "NPP",
          "Wave_exposure",
          "Depth_Sbrocco",
          "Deepwater",
          "Marina_slips_10km",
          "Tourist_fishing",
          "Artificial_reefs_1km",
          "SG_permits_50km",
          "Total_gravity",
          "Nursery_seagrass",
          "Nursery_mangroves",
          "connectivity",
          "Diversity_index",
          "Total",
          "Nb_dif_Sp",
          "Margalef_Index"
         ],
         "xaxis": "x",
         "y": [
          "Depth",
          "Coral_cover",
          "Reef_complexity",
          "SST",
          "NPP",
          "Wave_exposure",
          "Depth_Sbrocco",
          "Deepwater",
          "Marina_slips_10km",
          "Tourist_fishing",
          "Artificial_reefs_1km",
          "SG_permits_50km",
          "Total_gravity",
          "Nursery_seagrass",
          "Nursery_mangroves",
          "connectivity",
          "Diversity_index",
          "Total",
          "Nb_dif_Sp",
          "Margalef_Index"
         ],
         "yaxis": "y",
         "z": [
          [
           1,
           -0.09404212417770041,
           0.06218880071194935,
           0.07082610199745161,
           -0.3532814492974772,
           0.26243998683041075,
           -0.7832204031160901,
           -0.3247905439355316,
           0.008588111953277034,
           0.006211845821788653,
           0.1758885945316551,
           -0.19565435419516014,
           -0.12621592114306407,
           -0.45112648049813536,
           -0.3079436997336721,
           -0.08999414082897784,
           -0.20773518214334744,
           0.04921268805680811,
           -0.02096583471311936,
           0.04921256269275702
          ],
          [
           -0.09404212417770041,
           1,
           0.43605160400577814,
           -0.31251856773037834,
           0.4212415238423239,
           -0.20019713829028765,
           0.12647395612939216,
           0.2352406083867386,
           -0.2134748509846244,
           -0.23862329323780387,
           -0.09805048778360353,
           -0.018756995181457483,
           -0.14405018491849594,
           0.23353834386697345,
           0.2823341378892491,
           -0.17303763091263205,
           -0.12944905749682215,
           0.2805745103925401,
           0.2623601345631858,
           0.28057442087518164
          ],
          [
           0.06218880071194935,
           0.43605160400577814,
           1,
           -0.2833353332458576,
           0.23994437019289214,
           -0.10463761151299242,
           -0.0672720064118851,
           0.10264150815093986,
           -0.2824448408220884,
           -0.27083639096613077,
           -0.07491372177470132,
           -0.11374278156118875,
           -0.23244791240847038,
           0.13395125630827884,
           -0.033743819646552535,
           -0.18888819299218595,
           -0.12404738903464248,
           0.43016128889305005,
           0.5154144567894944,
           0.43016159947275895
          ],
          [
           0.07082610199745161,
           -0.31251856773037834,
           -0.2833353332458576,
           1,
           -0.6501020483241251,
           0.05040866700864858,
           -0.14097179535728813,
           -0.6101060759130195,
           0.4440245104480516,
           0.556878322212509,
           0.20560465760579255,
           0.5285075260010244,
           0.28063758428970287,
           0.12258875866613574,
           -0.0005663937815238551,
           0.449491038856304,
           0.1519072601430078,
           -0.27382501772214013,
           -0.18739739032742106,
           -0.2738251723895811
          ],
          [
           -0.3532814492974772,
           0.4212415238423239,
           0.23994437019289214,
           -0.6501020483241251,
           1,
           -0.25767646467581656,
           0.36124617095692363,
           0.5007824248622716,
           -0.4562574130879623,
           -0.5685143559686306,
           -0.24399782531970582,
           -0.016062577626763053,
           -0.34582054382120225,
           0.4099107189622255,
           0.4315410056152523,
           -0.36259706806427555,
           -0.04810922701259049,
           0.2179448847289827,
           0.19048770214412702,
           0.21794506028195337
          ],
          [
           0.26243998683041075,
           -0.20019713829028765,
           -0.10463761151299242,
           0.05040866700864858,
           -0.25767646467581656,
           1,
           -0.19101080206653648,
           -0.0682075271212954,
           0.0676348189703788,
           0.07637782520866888,
           0.058103322098004284,
           -0.5269842069760924,
           0.04385366997156374,
           -0.05556171427535493,
           -0.28178585418076785,
           0.04219370659216447,
           -0.06786417085167479,
           0.0025145150180912344,
           -0.07746087286621756,
           0.0025149243796628888
          ],
          [
           -0.7832204031160901,
           0.12647395612939216,
           -0.0672720064118851,
           -0.14097179535728813,
           0.36124617095692363,
           -0.19101080206653648,
           1,
           0.4003908672687815,
           -0.015043915018252382,
           -0.07033543190379332,
           -0.19002735559126388,
           0.10117348896777578,
           0.14972204853917515,
           0.37853647279819036,
           0.3171933016147215,
           0.03829867482204695,
           0.12166757305246824,
           -0.027973153066442217,
           -0.009917614105984535,
           -0.027973085116080237
          ],
          [
           -0.3247905439355316,
           0.2352406083867386,
           0.10264150815093986,
           -0.6101060759130195,
           0.5007824248622716,
           -0.0682075271212954,
           0.4003908672687815,
           1,
           -0.201164497408073,
           -0.3002301485271896,
           -0.15624726688304091,
           -0.34789499642197347,
           -0.09947151043133441,
           0.045447061082199536,
           0.3810909676720867,
           -0.2758500675630682,
           -0.03790976141059133,
           0.03351980331214083,
           -0.027406409428552384,
           0.033519919961567814
          ],
          [
           0.008588111953277034,
           -0.2134748509846244,
           -0.2824448408220884,
           0.4440245104480516,
           -0.4562574130879623,
           0.0676348189703788,
           -0.015043915018252382,
           -0.201164497408073,
           1,
           0.7476824618572383,
           0.2595948103518372,
           0.10295082258409788,
           0.5904990209986983,
           -0.3787346675504303,
           0.09688083662593501,
           0.7149568336805346,
           0.05885966887712809,
           -0.2770349566586037,
           -0.2903816459271588,
           -0.2770350435842093
          ],
          [
           0.006211845821788653,
           -0.23862329323780387,
           -0.27083639096613077,
           0.556878322212509,
           -0.5685143559686306,
           0.07637782520866888,
           -0.07033543190379332,
           -0.3002301485271896,
           0.7476824618572383,
           1,
           0.3086577256511376,
           0.19638238380438983,
           0.5761073471934679,
           -0.28251538701321954,
           -0.06612114070693817,
           0.6974899875889948,
           0.09587517417471371,
           -0.27682015346476635,
           -0.23965610371593343,
           -0.2768202619683935
          ],
          [
           0.1758885945316551,
           -0.09805048778360353,
           -0.07491372177470132,
           0.20560465760579255,
           -0.24399782531970582,
           0.058103322098004284,
           -0.19002735559126388,
           -0.15624726688304091,
           0.2595948103518372,
           0.3086577256511376,
           1,
           0.023519352328773554,
           0.14876623584944482,
           -0.19206913358908784,
           -0.06353022425677929,
           0.28707141602200054,
           0.01155334303389611,
           -0.09131534720431793,
           -0.08590458337809732,
           -0.09131543819459705
          ],
          [
           -0.19565435419516014,
           -0.018756995181457483,
           -0.11374278156118875,
           0.5285075260010244,
           -0.016062577626763053,
           -0.5269842069760924,
           0.10117348896777578,
           -0.34789499642197347,
           0.10295082258409788,
           0.19638238380438983,
           0.023519352328773554,
           1,
           0.10578546694560931,
           0.2573402124713886,
           0.2871927073153052,
           0.20151510342936224,
           0.12150519762141089,
           -0.15353672092345585,
           -0.05820839331582663,
           -0.1535369729067545
          ],
          [
           -0.12621592114306407,
           -0.14405018491849594,
           -0.23244791240847038,
           0.28063758428970287,
           -0.34582054382120225,
           0.04385366997156374,
           0.14972204853917515,
           -0.09947151043133441,
           0.5904990209986983,
           0.5761073471934679,
           0.14876623584944482,
           0.10578546694560931,
           1,
           -0.2971645378921811,
           0.09170946379460002,
           0.4074774170255185,
           0.04289980562378542,
           -0.20139704599540248,
           -0.23750324165037615,
           -0.2013971784970518
          ],
          [
           -0.45112648049813536,
           0.23353834386697345,
           0.13395125630827884,
           0.12258875866613574,
           0.4099107189622255,
           -0.05556171427535493,
           0.37853647279819036,
           0.045447061082199536,
           -0.3787346675504303,
           -0.28251538701321954,
           -0.19206913358908784,
           0.2573402124713886,
           -0.2971645378921811,
           1,
           0.32062229887309907,
           -0.07163085539923596,
           0.11059000025058743,
           0.12058515020167725,
           0.20332214786086092,
           0.1205854790284346
          ],
          [
           -0.3079436997336721,
           0.2823341378892491,
           -0.033743819646552535,
           -0.0005663937815238551,
           0.4315410056152523,
           -0.28178585418076785,
           0.3171933016147215,
           0.3810909676720867,
           0.09688083662593501,
           -0.06612114070693817,
           -0.06353022425677929,
           0.2871927073153052,
           0.09170946379460002,
           0.32062229887309907,
           1,
           -0.03725232354810076,
           0.02229167298667305,
           -0.10638569416179325,
           -0.1583613941124997,
           -0.10638531765393595
          ],
          [
           -0.08999414082897784,
           -0.17303763091263205,
           -0.18888819299218595,
           0.449491038856304,
           -0.36259706806427555,
           0.04219370659216447,
           0.03829867482204695,
           -0.2758500675630682,
           0.7149568336805346,
           0.6974899875889948,
           0.28707141602200054,
           0.20151510342936224,
           0.4074774170255185,
           -0.07163085539923596,
           -0.03725232354810076,
           1,
           0.11818412065521623,
           -0.1628292917068586,
           -0.08788519201036187,
           -0.16282932546634543
          ],
          [
           -0.20773518214334744,
           -0.12944905749682215,
           -0.12404738903464248,
           0.1519072601430078,
           -0.04810922701259049,
           -0.06786417085167479,
           0.12166757305246824,
           -0.03790976141059133,
           0.05885966887712809,
           0.09587517417471371,
           0.01155334303389611,
           0.12150519762141089,
           0.04289980562378542,
           0.11059000025058743,
           0.02229167298667305,
           0.11818412065521623,
           1,
           -0.35482269221451473,
           0.1337518305068434,
           -0.35482240284041133
          ],
          [
           0.04921268805680811,
           0.2805745103925401,
           0.43016128889305005,
           -0.27382501772214013,
           0.2179448847289827,
           0.0025145150180912344,
           -0.027973153066442217,
           0.03351980331214083,
           -0.2770349566586037,
           -0.27682015346476635,
           -0.09131534720431793,
           -0.15353672092345585,
           -0.20139704599540248,
           0.12058515020167725,
           -0.10638569416179325,
