site;Total;Nb_dif_Sp;Margalef_Index
4733520_128U;964;32;144.97
4966028_487U;620;38;93.19
4981032_102U;1068;26;160.63
4999782_141U;528;19;79.34
5026033_475U;740;29;111.25
5067281_105U;2144;45;322.62
5157285_104U;700;37;105.23
5168534_472U;160;22;23.94
5187287_495U;1434;47;215.73
5194788_112U;804;27;120.89
5224799_107U;2824;45;424.98
5224828_478U;1738;34;261.49
5228578_479U;1434;34;215.73
5292294_494U;334;32;50.13
5292333_457U;827;23;124.35
5326047_138U;312;13;46.82
5337297_137U;828;17;124.5
5337315_136U;512;29;76.93
5371071_139U;276;22;41.4
5393570_142U;328;21;49.23
5457301_143U;9438;40;1420.68
5491055_467U;640;27;96.2
5528557_629U;760;35;114.26
5532305_632U;1238;25;186.22
5944836_625U;312;11;46.82
6012341_460U;1470;38;221.15
6586139_427U;1844;40;277.45
6623659_420U;526;39;79.04
7246232_126U;4604;36;692.95
7272491_436U;790;20;118.78
7287493_438U;1216;29;182.91
7324998_430H;310;32;46.52
7332509_108U;448;23;67.29
7366254_123U;2664;40;400.9
7366262_620U;844;21;126.91
7377506_124U;1516;30;228.07
7388764_277U;1256;32;188.93
7452525_424U;1142;35;171.77
7460025_619U;828;23;124.5
7505034_617U;420;25;63.08
7591302_445U;674;20;101.32
7621307_381U;380;38;57.06
7718844_343U;622;30;93.49
7752585_404U;139;23;20.78
7756332_400U;672;34;101.01
7805103_339U;286;16;42.9
7827651_329U;630;34;94.69
7835194_325U;16;6;2.26
7898886_371U;1224;37;184.11
7917655_348U;898;36;135.04
7928891_383U;2300;46;346.1
7951430_361U;460;24;69.1
7966403_384U;2140;46;322.01
7966406_397U;570;44;85.66
7970174_373U;998;40;150.09
8037714_366U;566;32;85.06
8037715_367U;554;32;83.25
8045212_349U;938;31;141.06
8052698_395U;602;44;90.48
8056449_153U;884;29;132.93
8067704_408U;1258;52;189.23
8067708_379U;636;27;95.6
8127732_386U;1286;43;193.45
8146492_320U;2552;53;384.04
8157754_158U;2060;42;309.97
8180274_319U;1026;37;154.31
8187784_315U;1924;51;289.5
8210311_316U;134;13;20.02
8221607_170U;644;29;96.8
8229110_173U;1368;31;205.79
8236591_175U;1396;26;210.01
8251601_164U;1104;42;166.05
2817364_212U;1374;33;206.7
2824865_213U;1626;36;244.63
2832383_200U;3738;43;562.58
2836117_214U;1158;41;174.18
2847364_217U;1192;39;179.3
2851092_245U;2206;48;331.95
2851093_247U;1184;35;178.09
2854843_246U;1774;43;266.91
2858639_199U;766;35;115.17
2862369_220U;1166;42;175.38
2862390_197U;1254;41;188.63
2869890_198U;922;33;138.65
2873633_202U;1492;42;224.46
2877393_065U;3280;45;493.63
2881141_196U;11671;45;1756.84
2884836_103U;826;45;124.2
2884837_105U;704;30;105.83
2884882_203U;2644;30;397.89
2888586_106U;1102;41;165.75
2888629_206U;824;27;123.9
2888643_066U;3730;45;561.38
2892380_205U;1268;25;190.74
2896144_193U;7216;41;1086.17
2896146_191U;15486;48;2331.17
2899867_221U;1600;51;240.72
2899867_223U;1646;42;247.64
2899893_195U;1742;42;262.1
2903645_194U;2704;41;406.92
2907381_241U;1206;32;181.41
2911131_240U;1084;36;163.04
2911132_242U;1100;35;165.45
2911132_243U;1267;42;190.59
2926165_183U;1390;41;209.11
2929898_185U;1520;38;228.68
2929906_071U;1756;34;264.2
2933661_070U;1262;27;189.84
2937416_181U;1776;36;267.21
2941167_182U;1940;32;291.9
2956149_190U;1472;31;221.45
2959876_168U;2714;43;408.42
2959902_186U;1530;42;230.18
2959921_074U;666;29;100.11
2963605_226U;1028;28;154.61
2974852_227U;1666;37;250.66
2974905_239U;1442;40;216.93
2982354_228U;932;39;140.16
2982402_238U;3140;39;472.56
2982417_180U;1398;39;210.31
2986174_176U;1440;34;216.63
2993676_175U;4696;39;706.8
3001169_178U;597;29;89.72
3004911_236U;1944;46;292.51
3004927_173U;4526;44;681.21
3008669_179U;1118;37;168.16
3008676_174H;808;36;121.49
3008676_174U;563;28;84.61
3012368_170U;4356;49;655.62
3016164_234U;1060;35;159.43
3042426_044U;553;35;83.1
3049928_043U;1974;41;297.02
3079927_046U;1512;40;227.47
3079928_042U;569;39;85.51
3087373_027U;576;21;86.56
3087383_031U;3328;33;500.86
3094873_026U;2142;44;322.31
3098629_028U;792;26;119.08
3102381_029U;5398;39;812.48
3106122_025U;1784;34;268.42
3106178_039U;1770;29;266.31
3109924_047U;1246;34;187.43
3121173_048U;2232;40;335.86
3128626_022U;517;29;77.68
3139876_021U;876;42;131.73
3151128_020H;459;29;68.95
3173671_013U;1078;43;162.14
3188643_017H;330;36;49.53
4688523_434U;1536;45;231.08
4692272_459U;598;31;89.87
4861023_435U;123;24;18.37
4876016_448U;3562;33;536.09
4898527_499U;100;21;14.9
4924769_450U;368;17;55.25
4943525_496U;780;40;117.27
5018531_451U;612;15;91.98
5089782_452U;278;24;41.7
5097324_387U;1184;29;178.09
5153536_406U;181;23;27.1
5179785_453U;1132;50;170.26
5198539_479U;228;24;34.17
5209790_480U;197;27;29.51
5217288_488U;760;31;114.26
5217289_487U;247;33;37.03
5228542_489U;225;20;33.72
5239791_429U;840;40;126.31
5251049_409U;1070;40;160.93
5284831_388U;206;20;30.86
5382301_418U;1678;39;252.46
5397306_430U;1398;57;210.31
5438594_389U;402;16;60.37
5487305_420U;449;40;67.44
5607333_403U;706;33;106.13
5761072_443U;982;34;147.68
5764824_444U;1064;35;160.03
5821113_468U;1188;34;178.7
5869830_445U;890;32;133.83
6361118_385U;922;33;138.65
6631144_340U;766;36;115.17
6646159_325U;2472;51;371.99
7009944_328U;760;26;114.26
7159966_343U;1322;48;198.87
7283743_371U;2256;36;339.48
7381257_344U;5038;43;758.29
7407511_350U;4932;50;742.33
7415013_351U;2400;46;361.15
7426306_321U;40;11;5.87
7433773_337U;1128;32;169.66
7501280_366U;4698;51;707.1
7598807_330U;1264;31;190.14
7602558_331U;1062;33;159.73
7643812_063U;2484;24;373.8
7670069_037U;1108;21;166.65
7692589_215U;456;16;68.5
7745083_103U;688;13;103.42
7748847_023U;476;35;71.51
7767586_315U;324;40;48.63
7883876_309U;4322;42;650.5
7883878_055U;1396;27;210.01
7891381_056U;248;22;37.18
7902631_310U;227;27;34.02
7921392_065U;450;37;67.59
7925170_045U;113;22;16.86
7928895_057U;494;37;74.22
7940144_311U;1510;40;227.17
7955151_066U;227;41;34.02
7955155_087U;432;16;64.88
7958902_093U;612;35;91.98
7958931_046U;45;11;6.62
7962653_094U;1044;36;157.02
7962657_091U;648;16;97.4
7973908_067U;160;30;23.94
7977660_068U;297;31;44.56
7977662_059U;182;24;27.25
7985224_011U;1124;32;169.06
8000174_070U;214;32;32.07
8011508_307U;62;11;9.18
8026449_050U;108;19;16.11
8026460_051U;672;20;101.01
8030185_072U;174;21;26.04
8033938_682U;6290;41;946.77
8037688_686U;1108;32;166.65
8052727_052U;668;22;100.41
8056482_053U;1104;18;166.05
8075303_601U;20;8;2.86
8078992_033U;1301;28;195.71
8123991_062U;404;32;60.67
8157758_650U;970;24;145.88
8184028_627U;418;38;62.78
8184032_628U;1436;37;216.03
8202801_629U;218,25;27;32.71
8217819_305U;580;28;87.16
8221585_631U;422;32;63.38
8225370_626U;1174;49;176.59
8255459_634U;432;21;64.88
8255459_635U;710;34;106.74
8259112_639U;1212;51;182.31
8266653_630U;1430;35;215.13
8266658_642U;888;47;133.53
8277968_646U;1018;32;153.1
4711023_870U;1488;43;223.86
4744788_777U;298;33;44.71
4797307_758U;872;34;131.12
4891023_157U;3160;54;475.57
4898518_863U;3434,4;56;516.88
4902269_843U;732;36;110.05
4966030_136U;607;43;91.23
4977284_884U;1292;39;194.35
5007283_820U;1127;44;169.51
5014781_845U;854;32;128.41
5026037_823U;169;24;25.29
5033533_881U;716;30;107.64
5056031_F01U;2048;40;308.16
5082282_F02U;1708;48;256.98
5127291_824U;1016;28;152.8
5142280_F03U;288;23;43.21
5142301_787U;452;33;67.9
5146036_802U;1306;40;196.46
5183538_167U;1224;33;184.11
5194802_123U;326;28;48.93
5217290_151U;3718;56;559.57
5221047_134U;874;40;131.42
5224790_152U;2692;54;405.11
5273542_170U;1970;40;296.42
5277314_F06U;28;12;4.06
5292332_760U;1118;35;168.16
5322294_887U;1764;36;265.41
5322312_F05U;534;26;80.24
5374817_119U;88;24;13.1
5382306_160U;158;21;23.64
5382307_159U;147;16;21.98
5434807_165U;397;35;59.62
5562310_851U;820;37;123.3
5783573_LKWU;1978;56;297.62
5783574_LW2U;2536;44;381.63
5824863_NFEU;104;17;15.51
5858615_766U;1058;41;159.12
5941084_857U;1048;45;157.62
6237360_705U;488;33;73.31
6308617_679U;570;34;85.66
6402372_711U;308;19;46.22
6443624_732U;335;29;50.28
6661154_683U;2144;47;322.62
6664907_671U;870;31;130.82
7242481_P19U;2468;41;371.39
7268740_P35U;900;28;135.34
7272489_P64U;136;22;20.32
7276241_P33U;249;27;37.33
7340006_P09U;1334;41;200.67
7358753_104U;944;33;141.96
7396264_693U;1292;42;194.35
7403794_069U;4137;41;622.65
7430023_698U;734;40;110.35
7445028_667U;160;13;23.94
7452522_726U;3802;46;572.22
7497530_P30U;3740;54;562.88
7542538_P56U;2754;46;414.45
7587547_P25U;226;32;33.87
7598806_P08U;1002;45;150.69
7617559_611U;1388;42;208.8
7651348_527U;826;34;124.2
7666317_964U;1192;48;179.3
7666317_965U;1714;44;257.88
7673820_966U;1170;42;175.99
7685070_613U;375;38;56.3
7700074_614U;2540;51;382.23
7703827_615U;1028;40;154.61
7737578_574U;1084;22;163.04
7737583_553U;1076;18;161.83
7748835_041U;970;39;145.88
7786344_023U;371;32;55.7
7872637_064U;590;24;88.67
7895154_058U;159;25;23.79
7902650_984U;189;29;28.3
7906413_985U;658;34;98.91
7917637_980U;858;38;129.02
7943912_957U;932;29;140.16
7966402_638U;1867;45;280.91
7973921_601U;1416;46;213.02
7981408_618U;1710;48;257.28
7981422_648U;2834;50;426.49
8048949_025U;1046;49;157.32
8056452_026U;2054;47;309.07
8105225_621U;1064;41;160.03
8112771_902U;718;31;107.94
8146532_411U;1540;46;231.69
8150248_918U;976;33;146.78
8157775_925U;688;32;103.42
8184029_494U;655;35;98.46
8187781_913U;834;45;125.4
8210330_480U;438;17;65.79
8217857_471U;1264;30;190.14
8225361_916U;526;39;79.04
8240349_927U;1004;37;151
8240360_582U;970;40;145.88
8244102_499U;1882;44;283.17
8247890_474U;588;28;88.37
8251610_919U;652;40;98
8251623_500U;786;33;118.18
8255354_504U;1202;46;180.8
8255389_484U;305;40;45.77
8259142_501U;1034;35;155.51
8259203_490U;1696;57;255.17
2824845_308U;8204;52;1234.91
2824849_309U;1622;40;244.03
2832349_310U;4089;46;615.42
2839858_312U;2128;37;320.21
2839858_333U;3036;43;456.9
2839883_292U;5194;52;781.77
2866110_313U;3940;48;592.99
2866143_048U;4444;39;668.87
2873608_314U;6510;56;979.89
2877342_323U;924;37;138.95
2884861_126U;738;33;110.95
2892363_125U;842;38;126.61
2892394_051U;4452;44;670.07
2899868_120U;1094;41;164.54
2899884_336U;522;24;78.43
2903598_330U;3796;56;571.31
2903642_282U;2654;39;399.39
2907398_053U;3120;39;469.55
2914904_299U;5562;55;837.17
2918603_331U;2224;45;334.66
2918604_332U;1356;30;203.99
2929913_058U;744;32;111.85
2933662_059U;1206;49;181.41
2937354_037U;916;39;137.75
2944859_039U;2206;47;331.95
2944909_060U;5806;50;873.91
2944914_275U;1262;36;189.84
2948660_061U;1136;39;170.87
2948670_074U;1128;42;169.66
2956148_130U;2654;39;399.39
2956171_073U;696;29;104.63
2959863_042U;620;33;93.19
2963658_280U;18002;41;2709.94
2967355_035U;768;38;115.47
2967376_287U;894;26;134.44
2967396_129U;198;30;29.66
2967407_279U;1590;40;239.21
2971147_131U;4830;44;726.98
2982378_286H;250;21;37.49
2986127_285U;4370;32;657.73
2989908_277U;3792;39;570.71
2989924_072U;1564;38;235.3
2993669_076U;2284;36;343.69
2997356_033U;2424;44;364.77
2997393_134U;1122;40;168.76
3004860_029U;552;38;82.95
3004860_030U;854;37;128.41
3004863_026U;2104,5;55;316.67
3008615_025U;4054;51;610.15
3008648_138U;7626;50;1147.9
3012359_031U;2064;45;310.57
3012367_023U;1600;44;240.72
3012414_083U;1368;33;205.79
3012416_081U;1712;27;257.58
3016120_021U;774;28;116.37
3023665_082U;600;37;90.18
3023672_077U;928;33;139.55
3027371_022U;752;38;113.06
3027420_079U;1472;42;221.45
3034876_008U;668;25;100.41
3042427_071U;636;31;95.6
3042428_069U;1452;37;218.44
3053662_087U;3854;43;580.04
3053678_068U;3682;31;554.15
3057428_067U;992;35;149.19
3064906_142U;1668;33;250.96
3064928_066U;1960;37;294.91
3072412_143U;1544;34;232.29
3087413_145H;508;28;76.33
3091163_145U;591,75;31;88.93
3094926_220U;1998;43;300.64
3094928_219U;4334;46;652.31
3106177_218U;992;42;149.19
3109890_015U;592;23;88.97
3109927_217U;1899;35;285.73
3113649_013U;1044;23;157.02
3117429_214U;1324;43;199.17
3128678_213U;5276;35;794.12
3128679_206U;1564;45;235.3
3132403_149U;1858;28;279.56
3132404_148U;788;30;118.48
3136177_212U;1710;47;257.28
3139929_209U;1472;32;221.45
3143627_006U;1004;37;151
3143677_211U;786;31;118.18
3154927_194U;2780;45;418.36
3158631_005U;1470;46;221.15
3158669_197U;6174;28;929.31
3158675_195U;1292;36;194.35
3177387_004U;1040;38;156.41
3199908_001U;1010;35;151.9
4658526_740U;628;34;94.39
4771041_642U;1386;44;208.5
4819775_703U;1128;39;169.66
4823527_698U;926;42;139.25
4853517_734U;1048;43;157.62
4887274_717U;273;31;40.95
4891018_735U;1486;43;223.56
4962279_693U;1308;44;196.76
4969780_675U;1944;54;292.51
4977286_743U;892;31;134.13
4981037_744U;106;20;15.81
5018532_718U;808;44;121.49
5134783_719U;1786;51;268.72
5164788_705U;924;34;138.95
5172288_699U;868;28;130.52
5191040_715U;1042;41;156.72
5194784_720U;1126;26;169.36
5213539_691U;1456;49;219.04
5217291_662U;1559,5;27;234.62
5221038_751U;1242;51;186.82
5224791_716U;186;22;27.85
5239807_658U;1270;36;191.04
5262292_721U;1428;45;214.83
5299794_731U;508;37;76.33
5307296_689U;1526;48;229.58
5314795_714U;355;29;53.29
5326049_659U;754;27;113.36
5367299_678U;1538;46;231.39
5382321_646U;810;32;121.79
5386051_758U;1110;32;166.95
5461061_683U;1854;55;278.96
5487313_666U;1858;48;279.56
5491056_682U;970;37;145.88
5491080_649U;750;35;112.76
5494804_681U;1182;43;177.79
5517309_759U;752;44;113.06
5532306_723U;1368;56;205.79
5599833_651U;1628;41;244.93
5629814_724U;954;45;143.47
5629822_711U;794;33;119.38
5656065_747U;3248;47;488.82
5663565_748U;1296;36;194.95
5663568_726U;926;29;139.25
5671071_710U;2078;37;312.68
5689820_727U;2672;45;402.1
5776081_667U;682;33;102.52
5783572_749U;2410;49;362.66
5806074_730U;2648;54;398.49
5813613_632U;1431;38;215.28
5821086_671U;1810;52;272.33
5836087_669U;1174;38;176.59
6094849_712U;1054;36;158.52
6124852_713U;2724,8;38;410.05
6256111_591U;1930;37;290.4
6319864_611U;918;34;138.05
6334866_592U;694;37;104.33
6334869_576U;944;47;141.96
6342367_561U;922;39;138.65
6417373_593U;178;25;26.65
6466152_538U;508;26;76.33
6488635_577U;1106;39;166.35
6492407_540U;724;20;108.84
6529884_595U;976;33;146.78
6582389_596U;3530;47;531.27
6623651_574U;894;33;134.44
6661156_565U;766;28;115.17
6736159_579U;2170;39;326.53
6751161_599U;1382;32;207.9
7021195_608U;443;25;66.54
7028691_600U;2368;48;356.34
7156220_621U;4580;59;689.34
7163716_581U;2046;49;307.86
7283741_560U;998;33;150.09
7294994_567U;2452;44;368.98
7400011_615U;454;36;68.2
7415041_544U;169;28;25.29
7448771_616U;2076;47;312.38
7471275_617U;1678;42;252.46
7505041_570U;840;30;126.31
7535037_618U;3314;52;498.75
7583800_571U;275;20;41.25
7591298_606U;1220;40;183.51
7617557_454U;3650;42;549.33
7662567_455U;1540;35;231.69
7688821_514U;310;35;46.52
7696338_471U;874;32;131.42
7707589_442U;990;33;148.89
7745080_521U;1962;48;295.22
7748834_439U;902;25;135.64
7756334_468H;409;30;61.42
7756334_468U;1445;45;217.39
7756336_469U;1992;41;299.73
7801347_460U;1470;54;221.15
7812599_515U;1556;36;234.1
7842610_516U;1231;48;185.17
7883892_528U;1134;46;170.57
7891395_533U;910;32;136.84
7906412_530U;694;31;104.33
7936400_490U;1574;40;236.81
7951405_438U;304;12;45.61
7958912_492U;1802;49;271.13
7981429_525U;732;24;110.05
8003926_524U;706;36;106.13
8007759_420U;225;24;33.72
8022736_435U;956;44;143.77
8041438_462U;1754;41;263.9
8045198_496U;2350;48;353.63
8067703_512U;1144;29;172.07
8067722_494U;944;44;141.96
8090217_504U;1336;43;200.98
8105229_506U;1816;38;273.24
8112772_355U;506;34;76.02
8116489_527U;370;27;55.55
8120236_508U;3382;46;508.99
8123982_507U;1628;42;244.93
8139008_400U;912;41;137.15
8142793_360U;411;32;61.72
8176522_401U;1762;46;265.11
8176531_373U;258;13;38.69
8184027_382U;378;39;56.75
8184031_383U;2664;39;400.9
8187787_402U;2218;47;333.76
8202799_384U;228;24;34.17
8221581_395U;1454;41;218.74
8229140_390U;1548;39;232.89
8232858_396U;1432;48;215.43
8232894_801U;860;31;129.32
8255456_399U;1074;33;161.53
8259155_374U;1426;32;214.52
8262919_391U;1190;45;179
8266625_407U;1623;45;244.18
8277970_411U;1060;38;159.43
4666013_152U;864;42;129.92
4666026_125U;1706;36;256.68
4673520_126U;1054;36;158.52
4741024_127U;1138;40;171.17
4756038_012U;1856;42;279.26
4763534_013U;2032;53;305.75
4789788_014U;1034;50;155.51
4801019_082U;840;38;126.31
4804770_083U;1976;48;297.32
4812275_055U;912;41;137.15
4827265_128U;222;27;33.27
4849773_129U;804;29;120.89
4861022_056U;768;38;115.47
4868517_153U;744;36;111.85
4879774_130U;1236;46;185.92
4883524_150U;1072;42;161.23
4887289_A21U;1236;38;185.92
4894774_104U;1194;39;179.6
4898524_105U;1272;38;191.34
4898528_067U;810;32;121.79
4906019_131U;1230;43;185.02
4924776_148U;960;36;144.37
4928519_158U;598;25;89.87
4928525_102U;1338;45;201.28
4939775_149U;1494;39;224.76
4939778_133U;1100;40;165.45
4954777_D01U;2492;55;375
4958528_100U;243;37;36.43
4977293_041U;1242;46;186.82
5029781_134U;8106;54;1220.16
5074784_070U;1464;42;220.25
5123535_106U;462;37;69.4
5131041_058U;1442;39;216.93
5146031_136U;1716;49;258.18
5146039_074U;708;20;106.43
5149788_075U;790;32;118.78
5157284_137U;3386;41;509.59
5183537_123U;1076;35;161.83
5194800_033U;1290;45;194.05
5198540_080U;976;28;146.78
5206040_081U;616;22;92.58
5217286_138U;2676;41;402.7
5224792_069H;223;19;33.42
5232288_145U;1942;38;292.21
5232290_068U;433;30;65.03
5247293_042U;904;42;135.94
5266044_061U;1898;37;285.58
5269787_109U;3792;38;570.71
5277290_154U;243;31;36.43
5281043_086U;2374;43;357.24
5296044_121U;1548;30;232.89
5303544_122U;1662;39;250.05
5303547_096U;1470;23;221.15
5318545_111U;2258;45;339.78
5329797_087U;1850;51;278.36
5329813_A11U;960;42;144.37
5378566_019U;1030;40;154.91
5404803_072U;1580;43;237.71
5404823_020U;1186;38;178.39
5412295_A88U;2200;48;331.05
5464802_142U;9010;54;1356.25
5464847_005U;1658;42;249.45
5472306_063H;188;14;28.15
5472306_063U;4656;56;700.78
5491074_022U;2884;39;434.02
5494805_090U;1492;47;224.46
5506056_112U;1836;44;276.25
5509805_089U;1176;37;176.89
5517308_073U;1812;54;272.63
5581062_093U;2708;51;407.52
5588562_114U;2574;41;387.35
5652332_024U;1886;51;283.77
5746079_065U;1780;51;267.82
5749822_117U;2852;62;429.2
5772321_118U;4238;39;637.85
5787324_094U;4794;62;721.56
5806084_044U;1096;38;164.85
5806100_027U;2372;43;356.94
5813612_007U;970;34;145.88
5881118_006U;948;33;142.56
5993590_205U;1990;34;299.43
6023591_206U;328;28;49.23
6061094_218U;1238;35;186.22
6076099_194U;1138;38;171.17
6158603_219H;220;21;32.97
6158603_219U;507;30;76.18
6203608_B18U;1310;49;197.06
6211108_221U;2850;50;428.9
6248610_201U;2926;57;440.34
6304865_202U;2074;43;312.08
6316116_197U;1792;36;269.62
6346118_212H;208;16;31.16
6346118_212U;175;21;26.19
6357369_214U;2350;44;353.63
6357369_215U;586;28;88.07
6361119_234U;1232;37;185.32
6364868_235U;3610;49;543.31
6376119_239U;2356;52;354.53
6447376_223U;1164;34;175.08
6466154_160H;615;34;92.43
6522384_198U;1488;34;223.86
6526136_199U;1122;33;168.76
6537387_200U;1114;35;167.56
6586138_224U;2252;44;338.87
6634895_226U;962;33;144.67
6638645_183U;1472;43;221.45
6638653_191U;806;29;121.19
6638653_192U;910;40;136.84
6739937_A96U;986;34;148.29
6751188_171U;678;35;101.92
6766164_186U;1098;42;165.15
6803661_245U;3234;55;486.71
6807414_228U;6698;61;1008.19
6953677_250U;2054;29;309.07
6957427_251U;805;30;121.04
7009937_242U;3140;46;472.56
7032446_233U;3718;46;559.57
7073736_252U;3407;49;512.75
7077485_253U;3312;41;498.45
7212475_409U;3790;48;570.41
7257484_411U;1550;47;233.19
7279990_378U;1052;44;158.22
7287492_379U;1184;35;178.09
7291269_258U;1040;37;156.41
7321253_309U;1314;30;197.66
7385013_328U;1412;36;212.42
7403798_254U;1206;23;181.41
7426301_255U;371;25;55.7
7441269_430U;3316;41;499.05
7456275_381U;1650;41;248.25
7475028_382U;558;20;83.85
7497534_369U;353;22;52.99
7516287_383U;1992;44;299.73
7523788_384U;3492;44;525.55
7565045_C17U;514;34;77.23
7583801_326U;1164;35;175.08
7598799_427U;2278;40;342.79
7606302_413U;5898;50;887.76
7655076_284U;2124;34;319.6
7666321_350U;334;12;50.13
7666321_351U;534;14;80.24
7670070_360U;570;30;85.66
7677568_359U;914;42;137.45
7677570_352U;508;27;76.33
7677570_362U;758;32;113.96
7707598_262U;490;25;73.62
7711341_311U;718;28;107.94
7737579_425U;382;28;57.36
7737582_356U;1170;38;175.99
7748832_377U;1708;56;256.98
7752584_343U;900;38;135.34
7763844_291U;1616;42;243.13
7767593_B59U;2626;45;395.18
7786343_364U;3008;46;452.68
7786347_355U;946;15;142.26
7790095_374U;3290;42;495.14
7793844_375U;1616;55;243.13
7797595_416U;1746;37;262.7
7797599_312U;968;37;145.58
7805099_365U;310;35;46.52
7816364_314U;270;19;40.5
7876382_333U;2722;42;409.63
7887629_387U;1556;49;234.1
7898881_417U;1256;39;188.93
7902634_388U;1190;34;179
7913889_389U;1710;35;257.28
7917644_335U;1144;33;172.07
7940149_346U;1074;37;161.53
7943895_419U;4184;58;629.72
7947646_B66U;1452;29;218.44
7947647_390U;2780;49;418.36
7951425_316U;1000;34;150.39
7958899_391U;1494;44;224.76
7962654_372U;2124;51;319.6
7996419_347U;1060;34;159.43
8015181_392U;1316;47;197.96
8018936_366U;1122;32;168.76
8018953_319U;1132;35;170.26
8022679_393U;2082;48;313.28
8022730_273U;852;32;128.11
8026436_C08U;1623,5;44;244.26
8033941_370U;1188;45;178.7
8045244_303U;1010;36;151.9
8048943_324U;3200;51;481.59
8056450_371U;948;32;142.56
8071457_395U;2578;51;387.95
8075213_322U;2254;34;339.17
8101474_396U;2072;42;311.78
8101509_472U;1386;32;208.5
8105222_397U;1346;40;202.48
8120239_398U;1390;32;209.11
8131493_499U;1550;41;233.19
8131540_444U;1584;33;238.31
8139043_446U;1924;27;289.5
8157767_470U;1392;41;209.41
8187779_496U;2986;42;449.37
8187789_474U;2056;30;309.37
8191540_475U;1344;24;202.18
8191555_484U;3186;34;479.48
8199051_476U;3228;39;485.8
8202794_512U;2840;41;427.39
8214062_500U;2716;29;408.73
8214240_436U;124;19;18.52
8232848_492U;1932;22;290.7
8236613_C69U;2566;45;386.14
8247860_501U;1056;37;158.82
8251644_486U;1300;40;195.56
8255467_514U;1464;45;220.25
8259111_515U;6030;42;907.63
8259140_497U;1158;51;174.18
8259152_493U;548;24;82.35
8259213_513U;1376;41;207
8262887_503U;1172;45;176.29
8262903_498U;1396;34;210.01
8266638_504U;1296;42;194.95
8266655_505U;824;35;123.9
8270431_518U;1930;41;290.4
8274235_519U;408;32;61.27
8274241_520U;480;34;72.11
8277954_521U;1110;43;166.95
8277982_522U;892;44;134.13
4684768_E01U;1840;38;276.85
4692268_E02U;1252;38;188.33
4699769_E03U;1204;39;181.1
4722268_E05U;2906;41;437.33
4733513_062U;1784;46;268.42
4763520_433U;920;34;138.35
4771019_434U;1098;37;165.15
4771025_063U;1236;41;185.92
4778522_016U;940;43;141.36
4797270_417U;1490;50;224.16
4842265_064U;2074;42;312.08
4853520_065U;800;44;120.28
4861021_054U;2164;51;325.63
4868520_E07U;992;40;149.19
4876021_055U;1482;46;222.96
4879770_E08U;1138;45;171.17
4879773_347U;604;37;90.78
4883521_E09U;1952;45;293.71
4891022_E10U;3576;43;538.19
4909774_348U;1182;32;177.79
4917274_350U;2090;49;314.49
4921018_E06U;2202;41;331.35
4928524_345U;1264;54;190.14
4939774_344U;1164;35;175.08
4943524_346U;1202;32;180.8
4954776_341U;1484;42;223.26
4966027_342U;996;41;149.79
4973542_020U;2447;36;368.23
4996029_032U;984;34;147.98
5007280_056U;1518;39;228.37
5086032_E13U;1072;47;161.23
5093532_E14U;1486;50;223.56
5093540_050U;1042;36;156.72
5112285_340U;1266;38;190.44
5112288_338U;1192;48;179.3
5119785_336U;828;34;124.5
5134781_429U;624;32;93.79
5138532_043U;1448;41;217.84
5138539_053U;174;7;26.04
5142281_057U;1774;59;266.91
5142284_337U;1266;38;190.44
5142287_052U;1790;37;269.32
5149786_333U;1644;36;247.34
5153535_339H;142;19;21.23
5153535_339U;895;47;134.59
5191039_334U;522;29;78.43
5206038_332U;1412;42;212.42
5206053_327U;1580;38;237.71
5247328_323U;1814;50;272.94
5273543_033U;1922;51;289.19
5281044_034U;910;25;136.84
5296045_321D;324;24;48.63
5296045_321U;439;29;65.94
5299793_319U;3894;49;586.07
5299833_009U;1358;43;204.29
5318544_580U;2214;49;333.15
5329798_024U;1190;28;179
5356050_025U;1670;36;251.26
5363549_026U;1566;60;235.6
5378551_036U;1374,5;57;206.77
5434824_011U;1200;39;180.5
5442305_425U;1812;37;272.63
5449808_046U;1364;49;205.19
5449827_012U;476;34;71.51
5453559_047U;1090;46;163.94
5464803_058U;918;33;138.05
5464848_004U;1548;33;232.89
5472302_068U;2576;52;387.65
5476054_421U;1962;59;295.22
5483554_038U;1822;39;274.14
5539807_059U;1817;46;273.39
5569813_029U;748;35;112.46
5573561_039U;1216;44;182.91
5573562_040U;1066;47;160.33
5584812_041U;2730;50;410.83
5644815_431U;2220;37;334.06
5779822_314U;2840;42;427.39
5794824_312U;1310;50;197.06
5798575_313U;1302;47;195.86
5907332_061U;1206;30;181.41
5922332_E16U;3916;41;589.38
5926082_069U;1596;39;240.12
6019841_469U;878;39;132.03
6132349_460U;2902;50;436.73
6207355_459U;916;43;137.75
6282363_115U;1472;42;221.45
6301112_456U;1278;44;192.24
6312366_452U;990;36;148.89
6342365_308U;1336;42;200.98
6349866_309U;1368;43;205.79
6349868_306U;2324;51;349.71
6387371_095U;2582;45;388.55
6391122_096U;2356;48;354.53
6394872_097U;3132;37;471.35
6428624_116U;888;36;133.53
6428640_074U;1703;44;256.23
6571139_117U;376;25;56.45
6631152_305U;1434;31;215.73
6631160_441U;1428;45;214.83
6638669_077U;1434;37;215.73
6687436_437U;510;17;76.63
6709901_465U;1400;49;210.61
6769910_119U;1624;29;244.33
6856168_120U;2033;46;305.9
7062451_124U;1574;30;236.81
7279991_295U;2068;44;311.17
7287491_569U;1442;36;216.93
7287523_293U;2404;38;361.76
7355003_126U;590;28;88.67
7366256_110U;1704;53;256.38
7396295_072U;2016;33;303.35
7400010_132U;4128;39;621.29
7418791_292U;1622;42;244.03
7426302_071U;5472;37;823.62
7430017_133U;2476;38;372.6
7441280_088U;2234;36;336.16
7497531_289U;2418;40;363.86
7497533_288U;2134;47;321.11
7501284_287U;1430;37;215.13
7505035_090U;321;30;48.17
7523799_085U;1226;29;184.42
7538790_127U;2572;36;387.05
7580047_283U;918;31;138.05
7583799_281U;2000;51;300.94
7587551_282U;2282;65;343.39
7673819_166U;1230;49;185.02
7677571_167U;1702;46;256.07
7681321_168U;1976;47;297.32
7718843_147U;1136;30;170.87
7737580_190U;2030;37;305.45
7741330_277U;1560;45;234.7
7741332_276U;1040;28;156.41
7748830_192U;1342;42;201.88
7752615_135U;974;45;146.48
7760084_279U;696;29;104.63
7760087_169U;3032;65;456.3
7760093_148U;1240;39;186.52
7763835_280U;896;41;134.74
7782592_170U;3000;57;451.48
7790093_274U;1712;53;257.58
7790097_273U;1310;26;197.06
7793845_275U;3343;61;503.12
7801348_171U;1400;48;210.61
7805098_172U;2248;49;338.27
7805138_136U;1151,5;39;173.2
7842612_184U;912;39;137.15
7853865_193U;1252;45;188.33
7857617_194U;1132;37;170.26
7872628_181U;1650;46;248.25
7876377_175U;1310;39;197.06
7895153_156U;2224;48;334.66
7928917_159U;1458;43;219.34
7947649_178U;2188;36;329.24
7951400_179U;2686;54;404.21
7951400_180H;1067;33;160.48
7951400_180U;521;34;78.28
7955205_140U;594;33;89.27
7958901_185U;2688;43;404.51
7962677_153U;690;38;103.72
7966405_262U;2718;61;409.03
7970155_E35U;2036;52;306.36
7970183_160U;1156;34;173.88
7973906_173U;3106;44;467.44
7973906_E34U;2202;48;331.35
7988911_E32U;1900;52;285.88
7996420_182U;892;31;134.13
8015202_162U;796;36;119.68
8026440_249U;1402;37;210.91
8041442_256U;1288;50;193.75
8041470_163U;950;42;142.87
8045191_257U;1188;34;178.7
8048941_258U;660;30;99.21
8048942_251U;4888;51;735.71
8052692_259U;1010;32;151.9
8052701_252U;976;23;146.78
8060201_253U;2680;46;403.31
8079052_196U;970;32;145.88
8094002_521U;1364;46;205.19
8112731_188U;1066;39;160.33
8142758_231U;1324;37;199.17
8150243_189U;6568;45;988.62
8169012_239U;1142;40;171.77
8176532_525U;658;21;98.91
8180278_226U;1378;44;207.3
8180279_227U;1376;48;207
8184033_228U;1240;44;186.52
8187776_E27U;2412;38;362.96
8187778_E26U;2308;44;347.3
8191534_240U;2224;40;334.66
8195285_E21U;1208;39;181.71
8195294_218U;754;22;113.36
8199040_E22U;2908;46;437.63
8199042_E23U;2496;47;375.61
8199050_229U;1338;38;201.28
8206557_219U;1346;39;202.48
8210341_236U;868;54;130.52
8214056_E24U;2674;42;402.4
8217809_E25U;2378;44;357.84
8217818_536U;2748;52;413.54
8217821_220U;1716;37;258.18
8236612_233U;970;40;145.88
8240382_524U;612;29;91.98
8247858_241U;952;41;143.17
8251616_242U;900;32;135.34
8255369_237U;1044;33;157.02
8262932_246U;808;33;121.49
8262941_234U;556;35;83.55
8266626_247U;1218;42;183.21
8266629_244U;1862;39;280.16
8270418_248U;370;40;55.55
2813594_753H;351;22;52.69
2813594_753U;585;41;87.92
2817352_E10U;2886;40;434.32
2821102_790U;5394;44;811.88
2821116_754U;888;32;133.53
2824869_D13U;854;35;128.41
2832346_D92U;1152;40;173.28
2836093_811U;4558;58;686.03
2836095_792U;3782;40;569.21
2836118_N02U;5142;46;773.94
2839880_799U;2472;49;371.99
2843613_800U;2500;45;376.21
2847342_D20U;1970;39;296.42
2851125_672U;1474;43;221.75
2862392_N08U;2496;46;375.61
2869848_755U;1132;36;170.26
2869857_785U;984;31;147.98
2869860_794U;696;40;104.63
2869892_653U;1428;38;214.83
2873616_D26U;2662;49;400.6
2873643_768U;1976;43;297.32
2881089_812U;848;38;127.51
2881097_756U;962;42;144.67
2884879_714U;1550;50;233.19
2884893_593U;2958;56;445.16
2884894_769U;8482;50;1276.76
2892346_757U;2164;42;325.63
2896092_758U;548;25;82.35
2896101_795U;2478;51;372.9
2896132_674U;1728;37;259.99
2899865_596U;3086;45;464.43
2899866_641U;1152;46;173.28
2899897_621U;2018;53;303.65
2903619_642U;1400;37;210.61
2903649_598U;4122;58;620.39
2903649_622U;7268;43;1094
2907345_759U;1398;39;210.31
2907406_597U;9225,5;41;1388.69
2907407_E02U;4584;54;689.94
2911119_740U;1490;31;224.16
2911137_699U;1022;30;153.71
2914838_761U;630;33;94.69
2914892_697U;1244;38;187.13
2926096_763U;1656;49;249.15
2929858_636U;2542;50;382.53
2933594_764U;768;37;115.47
2944845_814U;2290;50;344.59
2948628_742U;2050;43;308.46
2948629_624U;2652;54;399.09
2948656_778U;1768;41;266.01
2948671_D48U;1680;45;252.76
2956169_775U;1484;41;223.26
2967420_N07U;2468;40;371.39
2971146_745U;1600;33;240.72
2974848_815U;1148;42;172.67
2978601_603U;1236;41;185.92
2982357_677U;956;34;143.77
2982409_D27U;7320;41;1101.83
2982423_779U;1530;39;230.18
2986169_600U;3608;59;543.01
2989906_625U;1941;47;292.05
2993672_820U;870;33;130.82
2997396_806U;8346;48;1256.29
3001111_706U;985;32;148.13
3001177_780U;2748;48;413.54
3004862_654U;1428;38;214.83
3004895_788U;4170;45;627.62
3004919_781U;1390;35;209.11
3008610_655U;1830;47;275.34
3008647_751U;2930;46;440.94
3008677_626U;2332;43;350.92
3012366_750U;3086;44;464.43
3012422_E06U;1706;44;256.68
3012427_782U;1602;46;241.02
3016142_808U;3400;48;511.7
3023646_752U;5158;55;776.35
3031130_D30U;906;36;136.24
3031164_602U;1960;40;294.91
3031168_601U;1600;36;240.72
3034916_707U;1304;33;196.16
3049924_D65U;1208;33;181.71
3053673_680U;2660;39;400.3
3057385_798U;2572;43;387.05
3061178_605U;4062;40;611.36
3068661_D73U;1414;30;212.72
3068678_606U;2326;41;350.01
3072424_658U;1296;41;194.95
3072427_657U;1284;48;193.15
3079887_720U;1510;38;227.17
3083678_586U;10050;50;1512.81
3091177_607U;1584;51;238.31
3094883_725U;640;33;96.2
3098632_724U;2686;45;404.21
3098678_608U;3254;45;489.72
3106124_587U;704;32;105.83
3106150_726H;648;36;97.4
3106176_659U;1326;37;199.47
3109882_728U;988;40;148.59
3109928_628U;1804;44;271.43
3117399_730U;1289;35;193.9
3117426_661U;754;26;113.36
3121179_588U;2442;45;367.48
3139905_735U;1084;28;163.04
3139928_590U;1820;40;273.84
3143626_609U;2096;40;315.39
3143642_688H;181;19;27.1
3143643_688U;1275;36;191.79
3143644_689U;2712;34;408.12
3143675_765U;1268;37;190.74
3147377_816U;2084;39;313.58
3147422_662U;996;45;149.79
3151178_663U;3036;41;456.9
3162382_651U;4412;38;664.05
3166134_614U;1290;39;194.05
3166137_652U;942;43;141.66
3166164_695U;1380;24;207.6
3166166_667U;524;25;78.73
3166174_665U;1516;43;228.07
3169917_666U;1596;30;240.12
3173643_694U;1074;38;161.53
3173647_693U;1850;41;278.36
3173661_696U;3828;32;576.13
3177390_767U;840;35;126.31
3177399_692U;1908;40;287.09
3181145_691U;1486;40;223.56
3184909_670U;1434;32;215.73
3188642_617U;2040;41;306.96
3188665_690U;1520;41;228.68
3192393_616U;1100;47;165.45
3192415_D54U;986;34;148.29
3199918_592U;4528;44;681.51
4752285_005U;1278;36;192.24
4767268_075U;590;37;88.67
4767268_078U;856;35;128.71
4771018_076U;560;34;84.15
4823515_077U;116,75;29;17.43
4849766_079U;706;30;106.13
4853516_080U;770;27;115.77
4894773_357U;1110;39;166.95
4902272_370U;1740;34;261.8
4902274_356U;1036;47;155.81
4906023_371U;702;36;105.53
4917276_082U;2028;36;305.15
4932274_368U;1546;41;232.59
4932275_354U;1676;48;252.16
4936025_355U;1088;44;163.64
4939776_369U;1074;42;161.53
4951028_360U;1482;32;222.96
4954778_361U;1470;35;221.15
4962278_353U;2386;56;359.05
4966029_352U;1136;30;170.87
4973529_083U;1398;44;210.31
4973530_041U;1342;33;201.88
4981031_040U;1092;33;164.24
4984786_052U;1094;34;164.54
4999780_084U;1442;44;216.93
4999786_053U;1166;38;175.38
5089784_085U;1586;45;238.61
5093534_086U;1302;31;195.86
5138533_065U;1726;44;259.69
5168540_055H;96;17;14.3
5191052_331U;256;21;38.39
5209789_350U;1764;54;265.41
5213552_333U;885;30;133.08
5213553_332U;996;33;149.79
5221039_351U;1074;28;161.53
5221041_358U;1376;24;207
5228541_359U;1170;37;175.99
5228549_339U;812;36;122.09
5232289_367U;2736;38;411.74
5247291_036U;1438;51;216.33
5251040_066U;3546;47;533.68
5251078_329U;636;18;95.6
5254807_006U;556;26;83.55
5277293_042U;3012;57;453.29
5284793_043U;1170;32;175.99
5307295_348H;290;28;43.51
5307295_348U;427;39;64.13
5311045_349U;1195;37;179.75
5311046_341H;270;20;40.5
5311046_341U;316;42;47.42
5314796_342U;1320;44;198.57
5367300_044U;1802;39;271.13
5378555_037U;1126;33;169.36
5382302_038U;966;35;145.27
5461052_088U;2110;36;317.5
5464811_045U;1186;36;178.39
5479805_047U;2676;44;402.7
5483555_048U;1968;44;296.12
5491054_089U;2124;33;319.6
5547309_068U;918;36;138.05
5566061_050U;3206;48;482.49
5569811_051H;647;31;97.25
5569811_051U;802;42;120.59
5569812_049U;1920;35;288.89
5614814_069U;2160;46;325.02
5667320_061H;138;19;20.62
5667320_061U;475;29;71.36
5682336_023U;682;23;102.52
5701070_022H;135;19;20.17
5701070_022U;379;33;56.91
5712326_062U;998;39;150.09
5719826_856U;1308;33;196.76
5727342_025U;726;35;109.14
5738572_071U;2106;46;316.89
5791074_346U;2408;50;362.36
5802325_347U;1316;43;197.96
5817363_327U;1610;37;242.22
5824836_336U;660;38;99.21
5839827_072U;790;35;118.78
6214858_898U;2624;39;394.88
6233609_133U;2166;38;325.93
6301115_134U;1160;37;174.48
6312364_899U;2780;41;418.36
6353617_406U;2498;44;375.91
6353618_394U;2240;52;337.07
6357368_395U;756;33;113.66
6406121_136U;2116;38;318.4
6417374_137U;826;34;124.2
6477401_096U;1218;34;183.21
6526137_883U;1928;29;290.1
6548637_889U;944;22;141.96
6571137_138U;922;38;138.65
6586140_139U;1320;37;198.57
6619900_A90U;1706;37;256.68
6627410_879U;1158;38;174.18
6634902_405U;1102;37;165.75
6653655_110U;806;40;121.19
6702421_098U;1258;43;189.23
6863669_142U;2094;41;315.09
6886172_143U;1000;33;150.39
7017438_150U;1216;42;182.91
7017443_144U;1097;38;165
7017444_398U;866;35;130.22
7028695_400U;1918;43;288.59
7028696_399U;1508;44;226.87
7036197_401U;1046;40;157.32
7062446_151U;2028;49;305.15
7163721_130U;804;42;120.89
7212478_122U;1222;37;183.81
7276238_396U;4374;51;658.33
7291243_392H;218;21;32.67
7343751_145U;1778;37;267.52
7362504_147U;916;37;137.75
7373756_154U;6164;52;927.8
7373763_123U;2251;46;338.72
7392526_101U;470;24;70.6
7403768_124U;936;37;140.76
7411262_109U;1852;49;278.66
7411267_125U;752;43;113.06
7411298_093U;2034;42;306.06
7415039_374U;1548;48;232.89
7418790_373U;1514;49;227.77
7418801_092U;2034;41;306.06
7433768_155U;1834;49;275.95
7441271_149U;1000;40;150.39
7463773_156U;2342;44;352.42
7501282_390U;1158;40;174.18
7501283_389U;898;33;135.04
7501285_388U;1894;43;284.98
7523782_161U;2134;40;321.11
7538788_158U;2596;46;390.66
7587548_380U;928;22;139.55
7591300_387U;674;27;101.32
7595050_385U;1210;31;182.01
7602550_386U;998;42;150.09
7681320_A03U;2264;45;340.68
7685071_210U;2012;45;302.74
7730080_228U;1152;39;173.28
7730108_164U;1040;42;156.41
7756333_432U;1556;44;234.1
7756335_428H;823;39;123.75
7756335_428U;333;27;49.98
7760085_439U;898;40;135.04
7760086_427U;1602;48;241.02
7763836_440U;830;31;124.8
7767588_229U;1218;45;183.21
7782590_237U;3018;47;454.19
7782590_238U;1814;42;272.94
7790103_202U;708;32;106.43
7797596_426U;2412;53;362.96
7797597_425H;288;30;43.21
7797597_425U;812;42;122.09
7801346_437U;1540;39;231.69
7805097_212U;1560;51;234.7
7805097_213U;1220;37;183.51
7850113_239U;2476;45;372.6
7853864_230U;3438;42;517.42
7853869_218U;674;25;101.32
7868885_416U;1670;50;251.26
7876378_219U;1168;35;175.68
7876388_417U;944;40;141.96
7880139_418U;342;33;51.34
7895148_197U;1080;32;162.44
7910162_198U;1236;47;185.92
7917667_199U;810;35;121.79
7921389_231U;1208;38;181.71
7925140_240U;1110;36;166.95
7955204_175U;496;37;74.52
7955206_174U;854;37;128.41
7962655_423U;2730;51;410.83
7962659_434U;512;22;76.93
7962681_204U;966;39;145.27
7966412_222U;1316;36;197.96
7970158_424U;2931;52;441.09
7973905_214U;2138;54;321.71
7973922_200U;7296;51;1098.22
7985160_241U;1706;42;256.68
8007677_232U;1624;37;244.33
8015177_227U;266;29;39.89
8018954_207U;1110;37;166.95
8022684_233U;1152;34;173.28
8022707_208U;740;25;111.25
8026435_938U;534;24;80.24
8026437_215U;1464;50;220.25
8033943_413U;1368;53;205.79
8045197_430U;1956;61;294.31
8048944_421U;1324;31;199.17
8052704_420U;1620;40;243.73
8052725_224U;1010;54;151.9
8067723_225U;2388;47;359.35
8086460_234U;1964;37;295.52
8090213_244U;1360;45;204.59
8101503_287U;1958;51;294.61
8105221_235U;2334;49;351.22
8112725_955U;228;25;34.17
8112726_245U;924;45;138.95
8131526_265U;682;31;102.52
8139027_268U;550;36;82.65
8146533_269U;812;25;122.09
8165269_301U;1122;45;168.76
8176521_306U;1046;29;157.32
8180272_305U;1512;43;227.47
8187782_307U;2276;61;342.49
8199085_988H;221;16;33.12
8199085_988U;141;24;21.08
8202800_292U;938;34;141.06
8229123_302U;1398;39;210.31
8236595_289U;954;27;143.47
8247848_313U;1542;40;231.99
8247885_290U;782;39;117.57
8251603_310U;908;39;136.54
8251621_309U;1702;36;256.07
8255376_311U;996;40;149.79
8255464_314U;694;25;104.33
8259145_312U;1446;42;217.54
8259221_300U;1114;39;167.56
8262904_294U;3591;47;540.45
8266666_317U;1422;48;213.92
8266687_316U;1172;45;176.29
8266707_324U;1428;47;214.83
8270414_319U;690;33;103.72
8274225_326U;1312;45;197.36
1018376_2013129U;57;17;8.43
1019688_2013129H;238;28;35.68
1071497_2013134U;280;27;42
1072153_2013134H;192;20;28.75
1080679_2012241U;712;30;107.04
1088548_2012242H;549;32;82.5
1101012_2013136U;221;28;33.12
1101667_2013136H;225;29;33.72
1116095_2012229U;928;30;139.55
1122659_2013138H;91;16;13.55
1122660_2013138U;128;25;19.12
1129216_2013141H;452;27;67.9
1129216_2013141U;172;30;25.74
114226_2013015U;322;21;48.32
1149551_2012214U;446;33;66.99
1158075_2013147H;303;19;45.46
1158079_2013146U;1142;32;171.77
1158730_2013147U;193;29;28.9
1165945_2012195U;561,3;43;84.35
1172507_2012159U;319,29;28;47.92
1176444_2012164U;368;35;55.25
1181036_2012190U;1108;44;166.65
1219079_2012160U;241;32;36.13
1219080_2012160H;719;31;108.09
1228916_2012196U;857;46;128.87
1229572_2012196H;1651;43;248.4
1240722_2012198H;176,75;25;26.46
1241377_2012198U;1552;41;233.49
1244642_2012179H;728;36;109.45
1245298_2012179U;355;34;53.29
1247937_2013159H;177;15;26.5
1254499_2012199U;790;28;118.78
1256467_2012165H;1526;31;229.58
1257124_2012165U;322;34;48.32
1267616_2013163H;427;21;64.13
1268271_2013163U;402;20;60.37
1282017_2012172U;271,296;30;40.69
1295822_2013169H;158;21;23.64
1295823_2013168U;457;31;68.65
1296477_2013169U;535;29;80.39
1299103_2012169H;505;24;75.87
1299759_2012169U;334;25;50.13
1301711_2012184U;1264;45;190.14
1304335_2012185H;284;23;42.6
1304335_2012185U;381;27;57.21
1304991_2012186H;250;32;37.49
1305647_2012186U;494;30;74.22
1332549_2013184U;714;32;107.34
1332554_2013185U;190;19;28.45
134560_2012338U;1048;28;157.62
1349581_2012177U;218;24;32.67
1349593_2012189U;732;23;110.05
1353527_2013193H;461;23;69.25
1353528_2013193U;194;31;29.05
1358121_2013198U;1132;34;170.26
1358789_2013199U;4170;50;627.62
1361410_2013203U;652;34;98
1365323_2013206U;1032;37;155.21
1379091_2013212U;1504;29;226.27
1379747_2013212H;779;38;117.12
1383026_2013214U;335;17;50.28
1395495_2013216U;674;32;101.32
1398767_2013218U;256;31;38.39
1399423_2013218H;139;17;20.78
1399451_2012138H;600;45;90.18
1399452_2012138U;708;34;106.43
1402706_2013633U;279;21;41.85
1403361_2013633H;591;31;88.82
1407958_2013219U;282;26;42.3
1408613_2013219H;273;37;40.95
1413206_2013220U;532;23;79.94
1424377_2013221U;271;26;40.65
1424378_2013221H;1859;34;279.71
1445340_2013223U;440;17;66.09
1449926_2013224U;536;18;80.54
1449933_2013225U;599;30;90.03
1450589_2013225H;342;27;51.34
1462408_2013226H;568;32;85.36
1462408_2013226U;199;31;29.81
1478783_2012015H;390;34;58.56
1479440_2012015U;310;21;46.52
1486651_2013230U;172;22;25.74
1495843_2013231H;496;23;74.52
1495844_2013231U;236;31;35.38
1499123_2012066U;222;21;33.27
1499124_2012066H;509;44;76.48
1499806_2012139U;144;21;21.53
1500461_2012139H;88;14;13.1
1504400_2013232U;2078;33;312.68
1514892_2013233U;201;29;30.11
1535201_2012108U;998;41;150.09
1535857_2012108H;386;33;57.96
1543069_2012018U;91;19;13.55
1543070_2012018H;222;21;33.27
1545068_2013009U;1442;45;216.93
1548316_2012067U;252;21;37.79
1548971_2012067H;157;27;23.48
1559495_2013235H;599;30;90.03
1560151_2013235U;224;27;33.57
1568020_2013236U;386;29;57.96
1568021_2013236H;342;32;51.34
1608666_2013240H;367;21;55.1
1609978_2013240U;170;31;25.44
1610658_2013010U;1100;34;165.45
1625709_2013243U;215;26;32.22
1628326_2013244U;98;26;14.6
1628981_2013244H;90;13;13.4
1635560_2012111U;429;32;64.43
1638865_2012144U;226,63;33;33.97
1643414_2013247U;288;26;43.21
1644070_2013247H;125;28;18.67
1649320_2013249H;121;25;18.07
1649355_2013248U;79;25;11.74
1649975_2013249U;243;23;36.43
1653952_2012145U;329;24;49.38
1654607_2012145H;170;25;25.44
1668997_2013252U;326;25;48.93
1668998_2013252H;234;28;35.08
1678851_2012114U;1918;49;288.59
1680172_2012082U;193,282;38;28.95
1686746_2012146H;443;29;66.54
1687401_2012146U;243;23;36.43
1705114_2012148U;244;22;36.58
1705769_2012148H;113;21;16.86
1712315_2012117U;144,642;27;21.62
1718236_2012149U;296;27;44.41
1718891_2012149H;133;27;19.87
1719550_2013258U;768;34;115.47
1738570_2013260U;998;36;150.09
1741852_2012132U;372;31;55.85
1758225_2012089U;1338;44;201.28
1761516_2012091U;83;25;12.34
1768088_2012004U;2138;42;321.71
1771983_2012036U;129,286;30;19.31
1775264_2012037U;70,652;16;10.49
1775294_2012092U;515;34;77.38
1777890_2012038U;59,316;17;8.78
1790396_2013262U;437;42;65.64
1791707_2013262H;454;30;68.2
1796958_2013263U;395;30;59.31
1797613_2013263H;472;23;70.91
1825164_2013269U;2242;37;337.37
1825775_2013268U;612;27;91.98
1825790_2013270H;276;21;41.4
1827102_2013270U;287;33;43.06
1839594_2013273U;2912;39;438.23
1851403_2013274H;314;22;47.12
1851403_2013274U;752;22;113.06
1855311_2013276H;123;20;18.37
1855312_2013276U;135;28;20.17
1856616_2013277U;966;32;145.27
1869773_2012153U;1392;42;209.41
1876990_2013283U;2754;43;414.45
1892074_2013286U;436;33;65.49
1894699_2013288H;480;37;72.11
1894700_2013288U;386;33;57.96
1895312_2013287H;46;21;6.77
1895312_2013287U;128;29;19.12
1903204_2012120U;393;41;59.01
1915659_2012121H;298;29;44.71
1916315_2012121U;254;19;38.09
1932749_2012155U;590,5;40;88.75
1932749_2013755U;946;37;142.26
1935371_2012156H;204;10;30.56
1935371_2013156U;908;29;136.54
1935372_2012156U;228;34;34.17
1936029_2013298H;516;30;77.53
1936684_2013298U;309;30;46.37
1943892_2012100U;1140;35;171.47
1943892_2013700H;228;25;34.17
1943892_2013700U;176;22;26.35
1948459_2013301U;155;18;23.18
1955677_2013303H;314;35;47.12
1957645_2013304U;254;27;38.09
1958300_2013304H;441;35;66.24
1958335_2013306H;413;28;62.02
1958336_2013306U;153;26;22.88
1964207_2013308H;232;18;34.78
1964208_2013308U;192;23;28.75
1965552_2013310U;491;35;73.77
1966207_2013310H;578;41;86.86
1968164_2012122H;182;34;27.25
1970132_2012123U;592;32;88.97
1970133_2013723U;526;33;79.04
1979954_2013314U;453;41;68.05
1980609_2013314H;70;16;10.39
1985879_2013315H;572;38;85.96
1986535_2013315U;228;17;34.17
199690_2013030U;306;22;45.92
2000951_2013321H;20;5;2.86
2000952_2013321U;146;24;21.83
2016716_2013327U;233;29;34.93
2016718_2013327H;279;26;41.85
2022611_2013330H;182;28;27.25
2022612_2013330U;118;26;17.61
2024552_2012056U;379;26;56.91
2025207_2012056U;388;26;58.26
2025249_2013333U;608;36;91.38
2025860_2013331U;84;15;12.5
2025907_2013334H;148;25;22.13
2026516_2013331H;120;26;17.91
2027219_2013334U;221;26;33.12
2028529_2012158H;614;44;92.28
2028530_2012158U;282;32;42.3
2032463_2012136H;126;21;18.82
2032464_2012136U;753;50;113.21
2050174_2013339H;451;30;67.74
2059358_2013345H;109;13;16.26
2060013_2013345U;379;41;56.91
2061262_2013346U;43;16;6.32
2065244_2013349U;586;39;88.07
2065900_2013349H;213;29;31.92
236360_2013037U;104;11;15.51
244973_2013527H;601;28;90.33
244973_2013527U;511;35;76.78
275718_2013043U;488;24;73.31
290888_2013045H;612;28;91.98
298137_2013050H;463;17;69.55
298137_2013050U;99;15;14.75
317822_2013053H;7;4;0.9
318478_2013053U;54;11;7.98
346685_2013533U;136;18;20.32
347965_2013532U;116;10;17.31
349319_2013056U;104;19;15.51
355182_2012JL2H;636;34;95.6
355182_2012JL2U;537;36;80.69
373581_2012263U;258;18;38.69
373581_2012963U;344;23;51.64
379475_2013057U;38;6;5.57
393900_2012268U;79;12;11.74
409660_2012269U;444;23;66.69
411632_2012270H;385;37;57.81
429982_2012278U;82;16;12.19
430647_2012277U;133;19;19.87
433929_2013063U;576;22;86.56
433939_2012281U;148;15;22.13
445752_2012284U;233;16;34.93
446406_2013064U;844;39;126.91
449664_2012285U;323;33;48.48
485074_2013543U;122;13;18.22
503471_2013071U;504;23;75.72
505438_2013544U;690;32;103.72
508700_2013545U;282;24;42.3
511316_2013072U;94;10;14
531679_2013077U;558;31;83.85
538879_2013075U;380;31;57.06
540856_2013076U;156;17;23.33
561853_2013081U;146;12;21.83
574300_2013083U;50;10;7.38
577589_2013084U;88;17;13.1
594641_2013085U;64;16;9.48
607783_2013086U;482;28;72.41
614327_2013088U;698;34;104.93
614335_2012301U;20;5;2.86
614992_2012247U;201;31;30.11
653038_2013555U;788;33;118.48
653682_2013092U;205;30;30.71
654338_2013092H;734;45;110.35
656320_2013556U;324;24;48.63
672702_2013098U;2124;44;319.6
678574_2012254U;128;9;19.12
682515_2013103U;2630;32;395.78
687761_2012253U;368;16;55.25
687762_2013105U;466;20;70
712691_2012216U;544;25;81.75
713375_2013113U;2254;41;339.17
714658_2013116U;112;12;16.71
717964_2013114U;779;31;117.12
721874_2013567U;790;22;118.78
753391_2013117U;1948;39;293.11
786839_2013573H;140;24;20.93
786839_2013573U;4359;41;656.07
860308_2013123U;483;29;72.56
904249_2012209U;6952;50;1046.43
906875_2012210U;2244;45;337.67
992142_2012239H;523;42;78.58
992142_2012239U;835;43;125.55
1001328_1367U;689,8;26;103.69
1006382_1334U;374;33;56.15
1009169_1368U;2579,292;44;388.15
1011798_1393U;2543,54;45;382.76
1011802_1369U;2070,612;40;311.57
1035716_1335U;7576,688;32;1140.47
1035773_1336U;1554,908;46;233.93
103699_3088H;114;15;17.01
1038378_1434U;5727,016;41;862.02
1043953_1358U;3143,004;50;473.01
1043957_1370U;419;27;62.93
1060217_1379U;1722,676;39;259.19
1071249_1356U;814;25;122.39
1073875_1337U;712,144;30;107.06
1079527_1395U;1771;31;266.46
1096055_1339U;1218,068;42;183.22
1115790_1742U;3439,008;59;517.57
1115792_1414U;4454,932;61;670.51
1115797_1417U;3907,008;46;588.02
1118584_1396U;2675,336;44;402.6
1126860_1343U;1547,1;38;232.76
1138019_1430U;1695;30;255.02
1138286_1381U;1461;31;219.79
1175090_1418U;2472,108;48;372.01
1184812_2606U;2812;49;423.18
1190467_2214U;1156;35;173.88
1201800_2123U;2754;41;414.45
1213112_2126U;2644;39;397.89
1213137_2603U;768;31;115.47
1221612_2198U;1826;45;274.74
1227324_2216U;1756;36;264.2
1232951_2104U;1266;39;190.44
1235821_2156U;610;26;91.68
1237500_1261U;1304,556;39;196.24
1241455_2088U;11884;62;1788.91
1244292_2089U;11120;50;1673.89
1248516_1327U;999,284;29;150.29
1250025_2600U;1112;45;167.25
1252834_2105U;670;29;100.71
1258503_2107U;1252;35;188.33
1258541_2188U;2756;43;414.75
1261361_2187U;740;36;111.25
1262889_1350U;2053,504;46;308.99
1264197_2106U;1908;39;287.09
1267026_2090U;1318;39;198.27
1269816_2194U;5256;43;791.11
1269858_2201U;3746;38;563.79
1275501_2608U;1466;37;220.55
1278329_2204U;4418;49;664.95
1278400_2109U;2034;46;306.06
1278406_2206U;1016;36;152.8
1281253_2567U;1586;39;238.61
1282034_3168U;1394;44;209.71
1287953_3266U;314;17;47.12
1288609_3266H;95;18;14.15
1294424_1252U;1116,004;29;167.86
1295167_3256U;228;16;34.17
1295598_2158U;856;37;128.71
1295611_2189U;490;30;73.62
1301332_2129U;1704;43;256.38
1301367_2157U;1276;39;191.94
1303008_3052U;120;16;17.91
1303009_3052H;50;12;7.38
1304260_2164U;640;33;96.2
1309973_2207U;1542;36;231.99
1310067_2130U;2946;41;443.35
1315810_2131U;3462;53;521.03
1327570_2313H;224;31;33.57
1327570_2313U;807;37;121.34
1331240_3257H;247;29;37.03
1331242_3257U;444;29;66.69
1350016_1322U;2094,424;40;315.15
1351119_2255U;1544;36;232.29
1351121_2637U;2462;38;370.49
135220_3071U;162;18;24.24
135220_3093U;148;19;22.13
1356999_2271U;6974;54;1049.74
1361648_1275U;1360,004;43;204.59
1362787_2286U;2088;37;314.18
1364488_1320U;1173,5;40;176.51
1366659_3204U;5098;51;767.32
1367325_1691U;3365,404;59;506.49
1368415_2258U;7020;67;1056.67
1371264_2638U;1658;40;249.45
1371325_2574U;2066;40;310.87
1373206_3126U;1226;43;184.42
1381304_1319U;281,004;14;42.15
1381330_1263U;615,004;34;92.43
1386811_1245U;2790;54;419.87
1387871_2315U;1084;31;163.04
1390727_2139U;3394;37;510.79
1393384_2148U;570;31;85.66
1398661_2239U;1066;41;160.33
1403906_2282U;824;35;123.9
1408622_3127U;210;25;31.46
1409139_2646U;1178;33;177.19
1424204_2259U;2626;46;395.18
1424254_2143U;414;28;62.17
1426581_2260U;5992;51;901.91
1426741_2174U;966;36;145.27
1436201_2261U;4862;55;731.79
1438619_2654U;856;33;128.71
1440981_2274U;7066;55;1063.59
1445785_2289U;1454;36;218.74
1448135_2323U;6344;41;954.9
1465049_3252U;572;26;85.96
1467286_2320U;2460;40;370.19
1467441_2144U;1696;38;255.17
1468329_3253U;1028;42;154.61
1469642_2301U;6288;44;946.47
1470838_1225U;2065,704;44;310.83
1472018_2223U;2138;40;321.71
1472030_2302U;2492;45;375
1476930_2161U;770;36;115.77
1476933_2192U;3986;47;599.92
1483891_2225U;4512;45;679.1
1483893_2226U;7730;43;1163.55
1485365_3158U;760;35;114.26
1486271_2276U;5750;36;865.48
1486282_2228H;1047;48;157.47
1486282_2228U;656;39;98.61
1491049_2229U;4096;37;616.48
1491201_2163U;1146;41;172.37
1493395_2640U;7360;40;1107.85
1495805_2097U;1006;33;151.3
1497160_3079U;2642;42;397.59
1497160_3113U;2430;41;365.67
1500204_2231U;11805,5;49;1777.09
1502363_2619U;4806;38;723.36
1505789_1246U;1770,996;31;266.46
1506610_2620U;5030;41;757.08
1508792_2176U;2326;37;350.01
1514664_2233H;537;42;80.69
1515514_3008U;486;26;73.01
1516597_2233U;1881;41;283.02
1518606_2611U;614;26;92.28
1521646_1689U;3128,112;47;470.77
1527308_1316U;1046,516;35;157.4
1531786_2181U;658;27;98.91
1535463_2622U;1394;41;209.71
1537335_2283U;862;27;129.62
1544377_3011U;109;13;16.26
1544378_3011H;282;23;42.3
1544891_2268U;1260;36;189.53
1554372_2284U;2236;42;336.47
1554482_2182U;1142;38;171.77
1556385_2099U;10140;54;1526.36
1559482_1662U;1626,5;34;244.71
1563294_1277U;2612,508;41;393.15
1570621_3097U;179;21;26.8
1571277_3097H;359,5;29;53.97
1571453_2270U;3936;47;592.39
1572578_3080U;176;27;26.35
1573884_3012U;436;16;65.49
1590435_2244U;876;38;131.73
1592222_2662U;1538;43;231.39
1597550_2326U;1038;31;156.11
1597582_2652U;1410;39;212.12
1601097_2663U;2982;46;448.77
1602815_2675U;1398;38;210.31
1604563_2245U;1302;41;195.86
1609705_2306U;1126;35;169.36
1609709_2664U;862;36;129.62
1612587_3014H;431;31;64.73
1612587_3014U;321;29;48.17
1613094_2308U;1254;42;188.63
1613913_3115U;330;25;49.53
1613914_3115H;414;29;62.17
1614840_2153U;1086;33;163.34
1618132_2246U;2260;47;340.08
1619241_1280U;4962,396;43;746.91
1621480_2101U;3002;43;451.78
1621515_2116U;1558;42;234.4
1623134_2556U;1324;38;199.17
1623148_2102U;2530;38;380.72
1645706_1221U;611;16;91.83
1660493_3140H;152;25;22.73
1660493_3140U;148;23;22.13
1675675_1310U;2321,468;34;349.33
1675692_1266U;1324,576;34;199.26
1676996_1311U;3131,204;40;471.23
1703097_3083U;62;11;9.18
1703098_3083H;206;25;30.86
1729380_1269U;2216,468;37;333.52
1732055_1255U;870,22;21;130.86
1740776_1257U;951;19;143.02
1759445_1306U;1838,004;46;276.55
1760805_1302U;6014,384;45;905.28
1763544_1301U;1670,8;29;251.38
1764895_1270U;4393;46;661.19
1777274_3263U;1210;43;182.01
1786440_1283U;4881,888;47;734.79
1796183_1271U;1527;39;229.73
1799798_1272U;1541,376;36;231.89
1803722_1295U;1875,4;37;282.18
1804148_1292U;4188,6;51;630.42
1810959_1240U;1365;36;205.34
1813408_1222U;536,5;29;80.62
1814308_1241U;896;27;134.74
1817903_1232U;515,144;27;77.4
1817982_1286U;1541;34;231.84
1823470_1224U;85;11;12.65
1835282_1150U;4564,148;43;686.95
1837524_1171U;2427,804;51;365.34
1841199_1217U;2088,46;45;314.25
1841511_1132U;420,72;17;63.19
1843016_1212H;1952;30;293.71
1843016_1212U;5680;31;854.94
1843019_1215U;452,112;43;67.91
1843020_1216U;1735,908;43;261.18
1843373_1214U;536;13;80.54
1843381_1219U;1974,008;50;297.02
1854193_1157U;3373,592;41;507.72
1864497_3101U;259;35;38.84
1864498_3101H;172;25;25.74
1867803_3221H;457;44;68.65
1867804_3221U;335;40;50.28
1880131_1144U;2501,58;47;376.45
1881512_1208U;3365;47;506.43
1884276_1172U;1396;38;210.01
1886993_1205U;821,338;50;123.5
1890408_1158U;1424;39;214.22
1890744_1159U;3646,2;47;548.76
1893749_1196U;1726;16;259.69
1895742_1197U;1183,004;25;177.94
1898664_1146U;1708,004;46;256.98
1899975_1175U;1495,8;39;225.03
1900292_1166U;2236,992;48;336.61
1900608_1179U;743,68;32;111.81
1901803_1148U;1531,836;44;230.46
1916648_1186U;1223,616;36;184.06
1918316_3223H;240;22;35.98
1918971_3223U;189;24;28.3
1920611_1189U;2705,288;45;407.11
1921719_1190U;1701,724;48;256.03
1926665_1161U;1477,992;40;222.35
1937912_1128U;1755,424;35;264.12
1937927_1155U;432;19;64.88
1938565_1173U;1129,012;44;169.82
1938566_1174U;672;26;101.01
1942489_1605U;1717;38;258.33
1943675_1522U;928,004;38;139.55
1943908_1142U;1121,724;37;168.72
1945354_1053U;928;38;139.55
1947520_1054U;1197,584;38;180.14
1952390_1035U;728,504;30;109.52
1957644_3105H;226;14;33.87
1958299_3105U;183;28;27.4
1960427_1110U;489;32;73.47
1960883_1115U;787;29;118.33
1961593_1111U;903,404;33;135.85
1961593_1570U;616;28;92.58
1961777_1093U;807,6;28;121.43
1962513_1106U;728,004;31;109.45
1962971_1107U;899,18;35;135.22
1963425_1564U;1094,8;42;164.66
196388_3274U;1568;29;235.9
1964333_1109U;730,72;34;109.85
1964970_1100U;577,204;23;86.74
1965008_1081U;1228,6;48;184.81
1965461_1082U;1000;38;150.39
1965871_1101U;613,14;21;92.15
1966342_1063U;196,11;24;29.37
1967692_1089U;481;33;72.26
1969671_1090U;2120,504;38;319.08
1971395_1077U;1056,428;24;158.89
1971443_3148H;210;26;31.46
1971444_3148U;293;29;43.96
1973086_1083U;469;20;70.45
1973919_1085U;269,004;26;40.35
1974878_1091U;1014;39;152.5
1975778_1078U;1951,08;44;293.57
1975958_1079U;1425,716;43;214.48
1979630_1087U;2053,228;35;308.95
1980634_1080U;1095,584;37;164.78
1983531_1047U;436;22;65.49
1984162_1043U;1094,04;39;164.55
1985085_1017U;720,796;29;108.36
2001755_1040U;1782,004;48;268.12
2001877_1041U;2847,5;52;428.52
2003830_1042U;2617,808;42;393.94
2004068_1052U;1039;38;156.26
2005892_1061U;2286;44;343.99
2006180_3048H;187;16;28
2006835_3048U;145;31;21.68
2008713_1033U;2676,9;37;402.84
2010765_1026U;1112,836;39;167.38
2010779_1034U;953,672;39;143.42
2010791_1049U;2372,68;53;357.04
2012046_1045U;1429;25;214.98
2017392_1038U;1572,86;48;236.63
2021774_1062U;1130,288;38;170.01
2022262_1046U;1063;32;159.88
2070511_3264U;291,5;29;43.73
2072456_3107U;75;22;11.14
28237_3061H;62;9;9.18
359745_3298H;106;14;15.81
359746_3298U;166;16;24.84
368306_3301U;7172;48;1079.55
380770_3342U;1418;42;213.32
386675_3303U;3651;64;549.48
390591_3343U;1451;44;218.29
391248_3343H;227;34;34.02
393863_3305U;95;15;14.15
394519_3305H;64;11;9.48
416181_3312U;84;8;12.5
434573_3344U;4598;56;692.05
441775_3318U;310;22;46.52
457575_3322U;316;23;47.42
525785_3332U;426;18;63.98
642532_3338H;578;28;86.86
642532_3338U;497;25;74.67
644511_3340U;570;25;85.66
662171_3057U;170;14;25.44
720562_3055U;221;20;33.12
738298_3195H;577;35;86.71
738954_3195U;995;36;149.64
798645_3238U;555;37;83.4
798646_3238H;267;24;40.04
803475_1399U;705;45;105.98
814998_1401U;746;33;112.16
845876_3198U;101;15;15.05
846532_3198H;486;37;73.01
847765_1459U;2480,004;55;373.2
847768_1404U;2278,736;41;342.9
850127_1453U;626,002;35;94.09
854873_1454U;2778;44;418.06
857261_1449U;680,804;35;102.34
862010_1451U;447,5;37;67.22
869177_1445U;835;33;125.55
875391_3240U;357;19;53.59
876047_3240H;453;35;68.05
881158_1446U;816,004;22;122.69
885889_3242U;702;31;105.53
906873_3123U;534;28;80.24
907530_3123H;478;31;71.81
919792_1330U;1372,004;39;206.4
924717_1331U;1828,316;46;275.09
924935_1439U;2133,004;47;320.96
924954_1437U;1629,54;43;245.17
927427_1438U;872;34;131.12
929902_1444U;1574,42;38;236.87
930484_3124H;831;23;124.95
944713_1352U;518;33;77.83
947459_1407U;1884,332;41;283.52
960049_1427U;2101,692;52;316.25
960052_1423U;1996,24;59;300.37
960054_1428U;371,5;32;55.78
967216_3243U;620;40;93.19
972465_3244U;3986;59;599.92
985736_1364U;3504;56;527.35
988311_1712U;1767,004;30;265.86
988324_1365U;2153,72;46;324.08
998712_1392U;858,694;36;129.12
104355_3062U;736;26;110.65
1069527_3146H;194;22;29.05
1069528_3146U;235;26;35.23
1077400_3147U;3018;42;454.19
1109540_3160H;1295;30;194.8
1110196_3160U;374;29;56.15
1121999_3148U;1608;37;241.92
11395_3164U;196;15;29.36
115539_3063U;1026;27;154.31
1188250_3139U;1450;43;218.14
1190873_3140U;3468;37;521.93
1208585_3152U;2326;47;350.01
1209241_3151U;2796;37;420.77
1221046_3141U;1272;41;191.34
1259073_3102U;710;31;106.74
1267588_3044U;360;22;54.05
1289261_3122U;1434;40;215.73
1291213_3103H;1600;49;240.72
1291213_3103U;141;22;21.08
1371250_3128U;3102;56;466.84
1385001_3064U;586;29;88.07
1394176_3002U;1104;34;166.05
1422395_3104H;360;33;54.05
1423052_3104U;1082;40;162.74
1438122_3004U;384;24;57.66
1446010_3105U;2012;42;302.74
1451904_3065U;1096;43;164.85
1452552_3006U;758;43;113.96
1459773_3074H;648;37;97.4
1459774_3074U;288;41;43.21
1468982_3130U;906;36;136.24
1476179_3086U;662;34;99.51
1503730_3087U;1016;32;152.8
1505043_3079U;456;25;68.5
1543754_3131U;2076;43;312.38
1553570_3067U;1504;58;226.27
1557501_3068U;2716;59;408.73
1564087_3156U;1764;46;265.41
1564742_3149U;3260;51;490.62
1570630_3088U;570;39;85.66
1571921_3059U;170;30;25.44
1572577_3059H;121;29;18.07
1578476_3008U;212;18;31.76
1603406_3009U;1084;33;163.04
1605365_3010U;316;24;47.42
1611930_3011U;902;30;135.64
1624416_3106U;1220;30;183.51
1629647_3012U;520;40;78.13
1637515_3013U;918;36;138.05
1640816_3089U;1350;35;203.08
1644733_3014U;1106;38;166.35
1646051_3075U;878;36;132.03
1659153_3016U;174;18;26.04
1661131_3017U;1016;40;152.8
1663102_3019U;422;39;63.38
1664429_3090U;936;39;140.76
1669676_3091U;680;39;102.22
1670309_3060U;708;39;106.43
1682798_3108H;250;35;37.49
1682798_3108U;185;27;27.7
1690024_3116U;1036;30;155.81
1694579_3021U;796;37;119.68
1699196_3109U;1302;45;195.86
1701181_3134U;2204;39;331.65
1718234_3135U;1016;37;152.8
1719516_3022U;650;41;97.7
171970_3057H;96;12;14.3
172626_3057U;30;7;4.37
1726760_3117U;1622;44;244.03
1727370_3023U;414;31;62.17
1732632_3024U;904;39;135.94
1745130_3136U;1546;44;232.59
1747060_3025U;434;38;65.19
1748357_3026U;102;13;15.2
1756242_3027U;340;40;51.03
1762803_3028U;644;41;96.8
1770056_3150H;1305;31;196.31
1770711_3150U;507,25;41;76.21
1786428_3070U;2122;45;319.3
1788409_3093U;516;38;77.53
1794933_3029U;230;28;34.47
1804145_3071U;1840;45;276.85
1813304_3030U;520;35;78.13
1819202_3031U;488;27;73.31
1827763_3076U;1048;35;157.62
1840219_3032U;490;36;73.62
1864527_3137U;3532;38;531.57
186547_3174U;1186;33;178.39
1872388_3095U;608;37;91.38
1877602_3033U;304;22;45.61
1888106_3515U;292;27;43.81
1890082_3077U;140;16;20.93
1902520_3034U;286,5;20;42.98
1902546_3072U;672;40;101.01
1948450_3035U;430;30;64.58
1951737_3078U;1480;44;222.65
1957653_3542U;708;35;106.43
19701_3053U;1420;15;213.62
1980629_3097U;1676;42;252.16
1985223_3112U;890;39;133.83
1994367_3036U;776;29;116.67
2001591_3037U;772;36;116.07
2009453_3038U;172;12;25.74
2009454_3039U;644;33;96.8
2016683_3040U;368;36;55.25
2028505_3041U;506;35;76.02
2050830_3081U;600;34;90.18
2052130_3098U;353;30;52.99
2054062_3043U;27;8;3.91
2055374_3043H;97;15;14.45
2063931_3073U;528;30;79.34
213478_3171U;1662;25;250.05
220037_3176U;1010;26;151.9
239721_3172U;1470;26;221.15
24517_3165U;416;8;62.48
27798_3166U;1270;21;191.04
292201_3162U;328;23;49.23
292857_3163H;593;22;89.12
293512_3163U;299;22;44.86
307315_3178U;148;12;22.13
344047_3179U;364;18;54.65
348602_3213U;1854;32;278.96
359145_3180U;154;16;23.03
363712_3214U;1968;42;296.12
370313_3181U;192;16;28.75
373531_3182U;308;17;46.22
374193_3183U;492;31;73.92
376840_3184U;282;18;42.3
390638_3185U;326;29;48.93
395209_3602U;394;16;59.16
397794_3186U;164;9;24.54
411608_3216U;1698;40;255.47
414868_3188U;164;15;24.54
417493_3189U;304;17;45.61
418168_3217U;5606;55;843.8
428668_3190U;1306;32;196.46
437189_3192U;221;38;33.12
437190_3192H;426;37;63.98
441794_3193U;382;24;57.36
443744_3194U;1912;47;287.69
445072_3195U;888;42;133.53
448372_3197U;616;41;92.58
467370_3219U;328;39;49.23
488359_3198U;610;31;91.68
493607_3199U;1402;46;210.91
496232_3220U;4114;55;619.19
500826_3620U;1080;44;162.44
502129_3200U;2078;51;312.68
525127_3201U;152;18;22.73
54490_3054U;516;15;77.53
571038_3203U;74;15;10.99
571694_3203H;151;27;22.58
583494_3221U;820;30;123.3
590725_3205U;46;4;6.77
592022_3222U;904;30;135.94
595297_3621U;1228;24;184.72
601195_3206U;160;14;23.94
610396_3207U;218;13;32.67
620892_3208U;392;26;58.86
628762_3209H;81;14;12.04
628762_3209U;1906;50;286.79
630075_3210U;226;23;33.87
630084_3211U;510;26;76.63
63224_3167H;37;5;5.42
632648_3050U;2224;24;334.66
63880_3167U;70;11;10.39
641833_3051U;1328;29;199.77
646477_3212U;106;19;15.81
647137_3224U;326;16;48.93
675948_3052U;502;16;75.42
689072_3047U;477;21;71.66
689729_3047H;31;11;4.52
706156_3124U;624;31;93.79
706812_3124H;352;35;52.84
709439_3142U;1544;48;232.29
714659_3048U;604;24;90.78
780283_3153H;140;18;20.93
781596_3153U;414;42;62.17
85999_3061U;1494;34;224.76
860963_3143U;714;32;107.34
868179_3144U;1050;41;157.92
88604_3055U;726;24;109.14
903594_3083H;1616;47;243.13
904905_3083U;881;33;132.48
92094_3168U;1754;34;263.9
929828_3084U;1642;29;247.04
94520_3056U;1028;27;154.61
952789_3127H;392;40;58.86
980995_3145U;1252;34;188.33
1001188_1377U;1800,004;41;270.83
1006403_1378U;140;27;20.93
1006542_1406U;3357,404;55;505.29
1027626_1379U;3057,288;43;460.1
1046661_1409U;1411,006;49;212.27
1046662_1409H;472,942;26;71.05
1046665_1410H;396,698;33;59.57
1046665_1410U;999,798;44;150.36
1052021_1393U;1172;35;176.29
1054626_1380U;367;32;55.1
1096157_1431U;648;22;97.4
1096211_1480U;1086,568;36;163.43
1101759_1441U;767,996;33;115.47
1104563_1411U;1091,2;35;164.12
1112984_1412U;2861,792;56;430.67
1115788_1413H;498;36;74.82
1115788_1413U;1136,61;40;170.96
1121409_1457U;2289,624;40;344.54
1132672_1398U;625;27;93.94
1175142_1447U;1543,856;41;232.27
1180749_1388U;2453;48;369.13
1210297_2211U;953,008;37;143.32
1221602_2115U;3108,024;61;467.74
1221639_2064U;331,128;31;49.7
1227305_2550U;2445,232;56;367.96
1244327_2086U;642,502;42;96.57
1244328_2086H;635,5;31;95.52
1247172_2212U;1167,908;35;175.67
1249971_2065U;1408,004;45;211.82
1268744_1287U;1654,088;50;248.86
1268745_1306U;2047,604;46;308.1
1275585_2258U;1480;41;222.65
1284072_2240U;1154,796;42;173.7
1284134_2166U;1483,428;46;223.17
1286621_3166U;3848,996;56;579.29
1286933_2088U;1244,788;42;187.24
1288704_1678U;2244,192;50;337.7
1292728_2146U;1994;47;300.03
1307072_2243U;767,804;42;115.44
1310066_2577U;1708;45;256.98
1311786_1315U;875,502;34;131.65
1318812_2141U;856;38;128.71
1318813_2142U;2211,328;51;332.75
1324600_2232U;1337;39;201.13
1327607_2580U;2152,804;47;323.94
1332052_1353U;810;32;121.79
1337949_1354U;1493;41;224.61
1341163_1338U;1620,56;46;243.81
1345270_2598U;1471,36;48;221.35
1351194_2581U;2276,42;47;342.55
1354127_2143U;2358;52;354.83
1356997_2144U;1968,004;54;296.12
1357026_2074U;1243;54;186.98
1364490_1336U;1580,008;41;237.71
1365629_2570U;875,716;38;131.68
1367329_1286U;3646,292;51;548.78
1370146_1285U;3007,608;58;452.63
1375753_1274U;1541;37;231.84
1379698_2173U;5618;41;845.6
1379731_2189U;994;43;149.49
1385188_2205U;1543,156;45;232.16
1385249_2134U;956,192;43;143.8
1388006_2135U;1317,6;41;198.21
1388015_2578U;1196,608;40;179.99
1390658_2206U;1148;40;172.67
1393536_3107U;92,5;17;13.77
1393538_3108H;185;23;27.7
1394193_3107H;364,5;37;54.72
1398746_2579U;1061,004;52;159.58
1402804_1317U;1338,812;46;201.4
1406557_2137U;1180;35;177.49
1414196_2161U;773,236;34;116.26
1414282_2138U;1214,228;41;182.64
1416754_2218H;216;32;32.37
1424177_2207U;1350,616;35;203.18
1424309_2180U;752,472;26;113.13
1424318_2090U;1125,304;36;169.26
1428971_3152U;3009,4;43;452.9
1433926_2168U;948;30;142.56
1436153_3001U;760;28;114.26
1436319_2191U;398;23;59.77
1441111_2195U;1176,004;38;176.89
1441126_2193U;998,432;36;150.16
1443541_2139U;1121,804;44;168.73
1445860_2254U;1211,472;41;182.23
1445877_2194U;820,004;33;123.3
1452960_2163U;1679,108;38;252.63
1457903_2092U;1370,996;47;206.24
1459063_1290U;1380,14;36;207.62
1462510_2262U;682,004;25;102.52
1467264_2077U;1165,012;48;175.23
1469813_2214U;939;41;141.21
1469814_2140U;697,004;44;104.78
1474388_2079U;1473,792;38;221.72
1477504_3119U;661;32;99.36
1477975_1251U;935,004;38;140.61
1478160_3119H;474,734;37;71.32
1479305_2093U;571,004;33;85.81
1481404_3003U;1665;42;250.5
1486269_2130U;1649;49;248.1
1486350_2235U;1872,008;45;281.67
1491204_2246U;1412;45;212.42
1491257_3053U;1989;46;299.28
1498117_2068U;477,004;35;71.66
1500278_2106U;1126,456;36;169.43
1500354_2248U;947;32;142.41
1508333_3801U;354,5;33;53.22
1508850_2215U;571;22;85.81
1518819_3111U;1585,008;38;238.46
1525427_1270U;945,144;28;142.13
1525431_1305U;1991,196;46;299.61
1537466_2150U;2517,6;42;378.86
1540455_1260U;1507,372;47;226.77
1546782_2132U;1280;46;192.55
1546787_2563U;1799;48;270.68
1547941_1245U;704,004;32;105.83
1552473_2209U;1231,2;43;185.2
1552475_2133H;327;31;49.08
1552475_2133U;822,4;43;123.66
1569323_3094U;351,5;32;52.77
1571457_2081U;1163,928;44;175.07
1573291_2222U;749;36;112.61
1573434_2585U;408;12;61.27
1577248_2170U;592,996;28;89.12
1581092_2069U;1057,424;35;159.04
1588679_2152U;903;36;135.79
1589009_3139H;669;34;100.56
1589010_3139U;344,5;25;51.71
1594112_2153U;888,28;29;133.57
1604607_2597U;1100,06;25;165.46
1608029_2155U;1169,94;32;175.98
1611372_2110U;960,676;41;144.47
1611462_2156U;418,564;23;62.86
1614785_2226U;591;32;88.82
1614819_2588U;733;28;110.2
1616424_2548U;617,204;33;92.77
1616499_2157U;779;34;117.12
1616507_2159U;1555;43;233.94
1618103_2264U;1438;51;216.33
1618154_2096U;1627,004;45;244.78
1618180_2160U;1083,004;36;162.89
1619794_3010U;226;27;33.87
1621461_2111U;1138,004;43;171.17
1621508_2070U;1227,58;44;184.65
1623107_2084U;1084;31;163.04
1623108_2549U;716,004;36;107.64
1623122_2098U;362;33;54.35
1623155_2556U;781,008;34;117.43
1624192_1276U;2432,32;47;366.02
1624790_2113U;1279;42;192.39
1624793_2071U;2445,36;41;367.98
1624797_2072U;1426;42;214.52
1645870_1342U;6019,004;56;905.97
1646078_3143U;2535,004;46;381.48
1671658_1303U;2847,844;47;428.57
1674280_3123U;158;19;23.64
1674356_1333U;3578,248;46;538.53
1674374_1323U;3024;49;455.09
1683453_3117U;440,5;34;66.16
1684109_3117H;261,5;27;39.22
1705076_3014U;983,004;26;147.83
1729373_1279U;2517,204;57;378.8
1733322_3126H;687,5;27;103.35
1733978_3126U;404,712;28;60.78
1750325_3019H;147;23;21.98
1750326_3019U;23;10;3.31
1750368_3099H;92;16;13.7
1751024_3099U;231,502;22;34.7
1752711_1343U;4840,66;54;728.58
1760801_1302U;1709,532;32;257.21
1760806_1283U;547,5;39;82.27
1761490_1283H;586;20;88.07
1781212_3129U;1244,004;35;187.13
1790209_1295U;1630,796;43;245.36
1792491_1296U;1209,404;38;181.92
1797095_1344U;5925;41;891.82
1798417_1254U;1410,404;40;212.18
1804147_1282U;3516,308;64;529.21
1804579_1301U;1982;47;298.23
1809712_1297U;2160;43;325.02
1810977_1800U;1798;48;270.53
1812230_1298U;1684,676;30;253.47
181296_3280U;5265;41;792.46
1817980_1299U;2251,408;46;338.78
1817980_1300U;2218,8;51;333.88
1817987_1281U;6281,776;47;945.53
1818391_1328U;2650,004;50;398.79
1826990_1248U;136;15;20.32
1832356_1193U;2493,004;47;375.16
1835294_1151U;2139,764;45;321.98
1841925_1236U;6197,004;65;932.77
1842655_1207U;2915,144;67;438.71
1843018_1208U;5296,012;53;797.13
1845482_1143U;1649,552;36;248.18
1851315_1237U;2727,004;42;410.38
1852033_1205U;3953,808;57;595.07
1852714_1156U;1174,72;35;176.7
1852750_1206U;1846;50;277.75
1854657_3062U;1341,048;43;201.74
1856719_1242U;2555,316;50;384.54
1863871_3130U;1465;34;220.4
1871732_3102U;1986,4;57;298.89
1873520_1209U;1889,456;49;284.3
1878072_1228U;1919,324;42;288.79
1885987_1212U;1233,324;37;185.52
1887331_1176U;2126,624;52;320
1887454_3063U;1178;43;177.19
1892085_1203U;7057,78;69;1062.35
1893089_1234U;4127,668;56;621.24
1894425_1196U;1076;46;161.83
1894753_1204U;3262,536;58;491
1903859_3079U;334,502;27;50.21
1904514_3079H;555;39;83.4
1916059_1163U;1131;30;170.11
1917636_3080U;343;24;51.49
1917812_1202U;2048;43;308.16
1918089_1599U;2854,724;41;429.61
1918947_3080H;185,5;22;27.78
1921995_1184U;1319,516;47;198.49
1925499_3081H;249,5;30;37.41
1925500_3081U;245,5;39;36.81
1928041_1229U;1650,004;37;248.25
1931623_1230U;1072,952;36;161.38
1934407_1231U;1443;45;217.08
1937324_1189U;1214,856;40;182.74
1943386_1076U;3633,004;47;546.78
1944521_1116U;1617;44;243.28
1953851_1501U;144;18;21.53
1955087_1004U;32;8;4.67
1955566_1005U;69;10;10.24
1955868_1014U;804;24;120.89
1955887_1091U;928,84;38;139.68
1962240_3048U;1766,004;46;265.71
1962970_1077U;1257;40;189.08
1963650_1078U;1453;39;218.59
1964554_1067U;1629,18;34;245.11
1965005_1071U;1038;34;156.11
1965455_1100U;568;23;85.36
1965458_1084U;879;33;132.18
1966358_1123U;1181,948;41;177.78
1968537_1040U;526,652;27;79.13
1970973_1124U;1151;37;173.13
1972249_1085U;648;26;97.4
1972459_1087U;1535,6;24;231.02
1972881_1088U;1184,684;35;178.2
1973299_1089U;1367,42;43;205.71
1976137_1073U;536;24;80.54
1976316_1074U;844;31;126.91
1976318_1125U;823,004;33;123.75
1977014_1525U;1239;40;186.37
1977733_1126U;995,964;41;149.79
1980302_1102U;1358,004;39;204.29
1981457_1075U;987,2;25;148.47
1981783_1127U;284,5;19;42.68
1982430_1104U;1103;37;165.9
1982908_1092U;1016;42;152.8
1983356_1022U;1223;42;183.96
1989154_1117U;2606;53;392.17
1991004_1118U;1484;37;223.26
1992080_1133U;2432;46;365.97
1996596_1113U;1231;19;185.17
2000633_1096U;1060;41;159.43
2002003_1120U;1447;31;217.69
2008196_1121U;1291,144;44;194.22
2013380_1122U;1143,544;37;172
2022447_1070U;1215;39;182.76
2022995_1010U;2;1;0.15
2039021_3150U;2194;42;330.14
240953_3284U;968;26;145.58
288939_3214U;443;22;66.54
399810_3254U;247,5;28;37.11
401780_3254H;1047;41;157.47
452934_3238U;524;23;78.73
519850_3259H;739,5;38;111.18
520506_3259U;405,5;22;60.89
592034_3249U;4530;39;681.81
727777_3180U;612;25;91.98
738272_3595U;3937;47;592.54
749454_3189U;364,5;30;54.72
749455_3189H;717,5;36;107.86
812768_1465U;1833;52;275.8
815067_1466U;1396,996;45;210.16
831277_1450U;1247,676;35;187.68
835958_1400U;3011,156;60;453.16
838310_1451U;1454,56;53;218.82
840669_1468U;814,008;36;122.39
852493_1422U;1371;48;206.24
854865_1423U;2152,004;55;323.82
859611_1437U;221,388;22;33.18
859634_1420U;408,836;28;61.4
859635_1421H;601,5;50;90.4
859635_1421U;669,004;35;100.56
861946_1425U;1132;42;170.26
864391_1444U;1015;39;152.65
871567_1418U;3359,004;62;505.53
874052_1470U;1464;36;220.25
879328_3199U;858;41;129.02
881243_1741U;1372,796;48;206.52
885968_1419U;970,004;32;145.88
885975_1402U;1128,956;35;169.81
893266_1474U;1541,88;48;231.97
893759_3201U;383,002;25;57.51
894415_3201H;439,5;29;66.01
898091_1475U;1628;48;244.93
910169_1427U;796,004;33;119.68
914094_3202U;838;32;126.01
917370_3185U;1279,004;37;192.4
922478_1460U;2249;53;338.42
922516_1452U;3027,52;50;455.62
932076_1360U;1750;44;263.3
932392_1417U;1026,332;37;154.36
965165_1403U;1938,252;39;291.64
967732_1478U;5294,716;42;796.94
985741_1404U;1425,284;39;214.42
1011805_1260U;1016;36;152.8
1017063_3253U;656;37;98.61
1017718_3253H;352;26;52.84
1038548_1309U;718;36;107.94
1043821_1020U;2470;43;371.69
1046532_1021U;2116;49;318.4
1063027_1367U;894;42;134.44
1065777_1311U;802;31;120.59
1081885_1004U;36;8;5.27
1090619_1231U;2186;44;328.94
1096138_1178U;1530;52;230.18
1104561_1267U;1026;38;154.31
1132373_1009U;486;25;73.01
1132486_1532U;632;37;94.99
1132644_1176U;648;31;97.4
1132669_1246U;1074;31;161.53
1138279_1674U;892;44;134.13
1161008_1316U;2028;35;305.15
1180751_1108U;1620;54;243.73
1186133_1002U;364;22;54.65
1200568_1170U;420;19;63.08
1215973_2177U;1310;40;197.06
1217617_1693U;1038;37;156.11
1218783_2706U;940;40;141.36
1221616_2254U;938;41;141.06
1230151_2164U;780;31;117.27
1235806_2155U;1938;55;291.6
1235806_2199U;896;41;134.74
1244294_2180U;892;45;134.13
1244317_2173U;516;32;77.53
1244338_2172U;1256;47;188.93
1244656_3267U;1327;26;199.62
1244662_3267H;912;26;137.15
1247129_2156U;994;48;149.49
1255682_2179U;716;38;107.64
1264217_2189U;1466;47;220.55
1264220_2770U;1432;46;215.43
1268741_1258U;1342;42;201.88
1269821_2259U;1646;40;247.64
1272700_2698U;1609;44;242.07
1282990_1326U;1852;57;278.66
1289816_2247U;1932;50;290.7
1289918_3258H;48;14;7.08
1289918_3258U;241;35;36.13
1294495_3121U;1226;44;184.42
1304219_2206U;3242;63;487.91
1304247_2337U;894;34;134.44
1304249_2341U;764;34;114.86
1318738_2154U;1894;42;284.98
1334997_1007U;1236;39;185.92
1335014_1005U;746;35;112.16
1336453_2857U;1068;46;160.63
1340426_3268U;2082;43;313.28
1342255_2249U;618;38;92.89
1345217_2324U;644;38;96.8
1345240_2350U;1788;43;269.02
1355880_1345U;1584;45;238.31
1361638_1327U;1360;40;204.59
1361639_1344U;1044;40;157.02
1367326_1285U;3507,5;61;527.88
1370145_1286U;3352;53;504.47
1372534_3158U;854;33;128.41
1374033_2676U;562;30;84.45
1378546_1249U;2190;28;329.54
1390700_2761U;598;37;89.87
1395496_3058U;1766;44;265.71
1395505_3115U;1178;40;177.19
1396100_2165U;1280;32;192.55
1406601_2204U;626;43;94.09
1409064_2348U;1100;37;165.45
1409191_2265H;240;35;35.98
1409191_2265U;141;22;21.08
1419331_2764U;486;30;73.01
1421742_2860U;2122;45;319.3
1426605_2292U;1504;48;226.27
1430140_1010U;552;19;82.95
1431404_2349U;3430;57;516.21
1443364_2316U;2464;46;370.79
1443431_2277U;1560;45;234.7
1445817_2311U;548;22;82.35
1452568_3083U;990;38;148.89
1454266_1194U;1996;46;300.33
1455500_2666U;640;42;96.2
1457902_2261U;474;28;71.21
1464927_2342U;1424;35;214.22
1464928_2307U;1808;45;272.03
1478778_3139U;942;39;141.66
1479137_2801U;3326;42;500.56
1488678_2360U;2834;41;426.49
1488680_2359U;1216,5;40;182.99
1491147_2150U;1164;41;175.08
1500200_2281U;5588;43;841.09
1500201_2280U;4960;47;746.55
1500208_2777U;3198;45;481.29
1500324_2255U;864;34;129.92
1502511_2169U;1604;49;241.32
1506994_3126U;1822;44;274.14
1508696_2323U;5208;37;783.88
1508840_2700U;804;34;120.89
1512779_2328U;2994;48;450.58
1517840_1203U;1164;46;175.08
1517842_1702U;3034;55;456.6
1527936_2309U;1926;42;289.8
1533579_2812U;2942;41;442.75
1535465_2308U;3564;48;536.39
1543088_3112U;1134;38;170.57
1546050_1011U;1402;40;210.91
1550690_2270U;1426;40;214.52
1550696_2271U;854;42;128.41
1554487_2162U;857;45;128.87
1569645_2767U;2022;40;304.25
1572727_1193U;2288;51;344.29
1577119_2791U;1742;46;262.1
1579168_2200U;910;44;136.84
1582879_2290U;1030;40;154.91
1586756_2278U;1204;32;181.1
1586829_2769U;1080;39;162.44
1592239_2314U;1492;45;224.46
1597593_2321U;2684;58;403.91
1597670_2269U;1060;46;159.43
1598668_1050U;1538;46;231.39
1600138_3079U;462;33;69.4
1601116_2298U;1362;48;204.89
1602859_2291U;2094;46;315.09
1604661_2222U;984;37;147.98
1606333_2167U;846;33;127.21
1609724_2268U;1434;48;215.73
1609728_2267U;1048;42;157.62
1611385_2295U;1356;48;203.99
1618109_2795U;2160;42;325.02
1618110_2279U;2578;42;387.95
1618119_2300U;916;34;137.75
1618123_2289U;844;32;126.91
1618168_2193U;1172;40;176.29
1618189_2755U;1924;47;289.5
1619826_2149U;1972;48;296.72
1621483_2159U;3888;56;585.16
1624199_1190U;1064;41;160.03
1627469_1280U;1840;43;276.85
1657838_3134U;126;17;18.82
1663241_1325U;3474;45;522.84
1671657_1343U;2176;42;327.43
1676998_1342U;3731;45;561.53
1679604_1192U;3904;46;587.57
1691979_1150U;1188;37;178.7
1716264_3202U;1188;43;178.7
1725566_1204U;796;31;119.68
1726762_3240U;1334;35;200.67
1737876_3148U;122;24;18.22
1742236_1346U;2072;52;311.78
1744430_3130U;1132;33;170.26
1756745_1341U;1208;41;181.71
1761488_1248U;1232;38;185.32
1761491_1782U;2910;53;437.93
1762177_1284U;2226;40;334.96
1767430_3279U;1930;46;290.4
1785467_1287U;1622;47;244.03
1789081_3242U;888;32;133.53
1789754_1389U;6252;52;941.05
1791601_1387U;4762;42;716.74
1805009_1338U;1120;34;168.46
1805010_1339U;272,628;37;40.89
1806291_1250U;223,968;35;33.57
1808728_3142U;414;18;62.17
1809223_1057U;1746;47;262.7
1811331_1557H;59;14;8.73
1814645_1514U;19,33;11;2.76
1816675_1014U;77,978;22;11.59
1819987_1198U;218,626;34;32.76
1820796_1244U;375,944;43;56.45
1824262_1012U;166;17;24.84
1829367_1351U;2310;42;347.61
1832730_1290U;1566;52;235.6
1833096_1162U;1012;24;152.2
1835692_1396U;1828;50;275.04
1841200_1357U;1236;47;185.92
1841931_1300U;1254;48;188.63
1845916_1722U;2540;51;382.23
1852698_1571U;576;30;86.56
1853466_1253U;428;18;64.28
1853470_1298U;1130;40;169.96
1855270_1251U;688;25;103.42
1866064_1217U;922;44;138.65
1872804_1212U;762;41;114.56
1879074_1160U;720;33;108.24
1881858_1148U;1274;50;191.64
1885654_1393U;2294;52;345.2
1886992_1145U;2200;54;331.05
1886992_1146U;1042;47;156.72
1889023_1129U;912;46;137.15
1892720_1136U;1374;48;206.7
1894091_1296U;1918;53;288.59
1894424_1289U;3257;56;490.17
1895085_1356U;1760;58;264.81
1898987_1637U;1154;52;173.58
1903353_1218U;620;31;93.19
1905747_1245U;1656;54;249.15
1913036_3176H;100;18;14.9
1913691_3176U;412;37;61.87
1917231_1143U;1042;45;156.72
1920608_1295U;1600;48;240.72
1923371_1165U;448;15;67.29
1923902_1158U;942;35;141.66
1926081_1067U;760;29;114.26
1928044_1390U;1986;40;298.83
1929965_1352U;1286;43;193.45
1947253_1858U;2182;42;328.34
1956862_1228U;940;32;141.36
1957784_1576U;772;34;116.07
1958066_1361U;1120;34;168.46
1960114_1016U;30;9;4.37
1960268_3053U;1442;25;216.93
1963196_1801U;1966;41;295.82
1963199_1304U;1006;37;151.3
1964555_1802U;1704;42;256.38
1964559_1305U;1430;38;215.13
1968350_1365U;552;21;82.95
1969230_1669U;1588;25;238.91
1970293_1601U;741,5;44;111.48
1970970_1864U;1328;49;199.77
1972250_1306U;1158;34;174.18
1972253_1804U;806;44;121.19
1972880_1805U;1414;38;212.72
1975963_1364U;980;29;147.38
1977385_1863U;1084;35;163.04
1985273_1398U;1600;45;240.72
1988191_1581U;1230;41;185.02
1989151_1668U;2309;46;347.45
1990390_1397U;2372;45;356.94
1992522_1362U;840;39;126.31
1994612_1225U;1112;43;167.25
1996735_1897U;1556;42;234.1
1997367_1359U;1020;40;153.4
2001010_1363U;1422;43;213.92
2001507_1302U;1716;56;258.18
2001756_1859U;1662;53;250.05
2003459_1227U;486;25;73.01
2003709_1168U;1000;35;150.39
2067885_3779U;398;20;59.77
263250_3797U;906;26;136.24
336751_3787U;726;22;109.14
357173_3002U;1962;39;295.22
361097_3017U;568;23;85.36
374224_3006U;2340;37;352.12
416837_3003U;74;9;10.99
638601_3035U;324;19;48.63
641215_3048U;812;34;122.09
660858_3166U;800;28;120.28
707443_3662U;1082;23;162.74
710066_3664U;404;21;60.67
724522_3219U;2168;47;326.23
725836_3222U;1234;45;185.62
815093_1372U;6954;43;1046.73
826707_1371U;2360;36;355.13
833595_1313U;1902;41;286.18
847763_1323U;2638,5;45;397.06
852366_1105U;282;14;42.3
852495_1279U;2192;48;329.84
854869_1278U;2694;54;405.41
857235_1186U;2336;58;351.52
859633_1277U;2754;53;414.45
859636_1321U;3692;51;555.66
864407_1264U;3742;46;563.18
878752_1185U;1492;38;224.46
878757_1275U;1156;41;173.88
902940_3283U;1404;40;211.21
905370_1307U;1176;40;176.89
912471_1032U;1078;39;162.14
912525_1603U;984;43;147.98
924924_1171U;1464;41;220.25
927423_1256U;2158;51;324.72
929666_1039U;274;30;41.1
929667_1039H;110;16;16.41
929931_1310U;2212;45;332.85
934861_1232U;932;37;140.16
937102_1026U;480;28;72.11
942215_1605U;1326;44;199.47
947394_1263U;2882;64;433.72
949910_1149U;896;41;134.74
960053_1271U;1256;50;188.93
960661_3250U;658;33;98.91
962590_1747U;1052;28;158.22
962599_1318U;984;36;147.98
965172_1375U;898;29;135.04
967731_1874U;580;32;87.16
970272_1175U;1908;47;287.09
972857_1811U;848;30;127.51
981648_3225H;323;31;48.48
982305_3225U;835;47;125.55
983170_1378U;330;22;49.53
996118_1261U;1338;44;201.28
4947274_470U;126;32;18.82
7283768_421U;236;34;35.38
8262939_317U;137;26;20.47
8274163_321U;162;32;24.24
8037694_394U;441;42;66.24
7977667_389U;345;27;51.79
7846372_370U;227;21;34.02
8255473_636U;114;20;17.01
8255394_632U;277;26;41.55
8251646_633U;228;27;34.17
2933656_072U;474;23;71.21
3169921_003U;1680;17;252.76
3169883_018U;843;20;126.76
3072426_045U;280;29;42
4819777_425U;253;26;37.94
4819764_447U;391;19;58.71
5284794_415U;384;41;57.66
5262286_455U;396;27;59.46
5213535_454U;190;24;28.45
7591303_329U;438;39;65.79
8247894_304U;91;22;13.55
8262906_306U;296;28;44.41
7467525_345U;279;32;41.85
6649895_341U;129;14;19.27
5419810_411U;252;31;37.79
5566065_408U;171;12;25.59
5569810_423U;106;16;15.81
7189973_333U;233;26;34.93
7178725_334U;482;30;72.41
7223729_336U;505;45;75.87
5258537_456U;174;24;26.04
5472321_399U;102;27;15.2
5254829_474U;412;31;61.87
6728659_332U;621;31;93.34
7891379_977U;273;26;40.95
7812602_968U;728;43;109.45
7861367_979U;1508;37;226.87
7531291_P11U;190;25;28.45
8240350_470U;279;26;41.85
8251624_472U;332;27;49.83
8251626_483U;477;31;71.66
6484879_734U;268;33;40.2
6241110_706U;161;31;24.09
5213542_805U;195;22;29.21
4857270_856U;648;41;97.4
8161526_457U;729;43;109.6
8150278_458U;627;40;94.24
8172771_511U;327;22;49.08
8169024_512U;284;34;42.6
7778839_633U;458;40;68.8
7816351_634U;424;33;63.68
7673820_020U;327;36;49.08
4816021_818U;248;28;37.18
4767263_840U;405;27;60.82
4861024_871U;751;45;112.91
7595078_522U;220;31;32.97
7617572_573U;204;30;30.56
8244154_475U;136;13;20.32
8244094_498U;274;30;41.1
7947665_012U;327;30;49.08
7141212_114U;201;23;30.11
7077448_718U;411;22;61.72
6098606_838U;131;31;19.57
5667335_798U;538;37;80.84
5622322_836U;171;19;25.59
5753572_854U;258;28;38.69
5847363_765U;327;31;49.08
5288543_171U;222;32;33.27
8030240_061U;835;33;125.55
8041439_625U;290;11;43.51
7835114_486U;332;33;49.83
7910138_488U;412;34;61.87
7666318_456U;513;28;77.08
7651312_500U;256;24;38.39
8048965_451U;409;41;61.42
8078966_479U;186;27;27.85
8056446_481U;553;30;83.1
3109891_016U;230;27;34.47
3008616_024U;162;26;24.24
2959862_041U;204;30;30.56
2903648_052U;982;38;147.68
2967407_064U;420;35;63.08
3012417_080U;333;34;49.98
3034898_140U;816;28;122.69
3162414_198U;223;20;33.42
3166163_199U;348;24;52.24
2944914_276U;248;31;37.18
2907400_297U;2767;42;416.4
2914900_298U;1187;33;178.54
2903596_329U;2770;29;416.86
8169059_365U;354;31;53.14
8270398_409U;481;40;72.26
8244133_414U;409;32;61.42
8003980_434U;319;28;47.87
8259131_404U;315;32;47.27
8274150_410U;366;35;54.95
8157774_394U;431;20;64.73
8266650_406U;257;24;38.54
4793554_627U;503;36;75.57
4838520_736U;246;34;36.88
4849771_737U;452;37;67.9
4834772_702U;316;30;47.42
5029787_745U;231;30;34.63
5236079_635U;120;16;17.91
5236039_733U;186;30;27.85
5303584_628U;303;27;45.46
5307333_629U;256;16;38.39
5314834_630U;735;35;110.5
7542544_549U;251;24;37.64
7400016_586U;199;25;29.81
7640059_513U;380;36;57.06
7392511_601U;343;35;51.49
7268737_614U;422;36;63.38
7737597_485U;174;26;26.04
7958903_464U;1069,4;43;160.84
7932648_489U;886;30;133.23
5468574_647U;237;32;35.53
7883891_529U;239;36;35.83
7985169_493U;280;28;42
8011423_502U;472;28;70.91
5457312_684U;217;25;32.52
5506057_722U;435;24;65.34
7895156_301U;114;35;17.01
7895136_334U;376;22;56.45
6616157_173U;266;26;39.89
5236047_048U;135;38;20.17
7219977_410U;680;40;102.22
5892329_143U;1053;36;158.37
7707590_287U;257;27;38.54
7021194_232U;1098;30;165.15
7388775_259U;112;13;16.71
7403766_330U;236;26;35.38
7415050_B44U;603;25;90.63
7835133_315U;225;25;33.72
7621338_260U;222;28;33.27
7718828_414U;238;31;35.68
5573578_023U;149;27;22.28
6008589_236U;207;33;31.01
5412308_076U;325;32;48.78
5423550_141U;3050;34;459.01
8108972_422U;416;29;62.48
8022686_367U;290;29;43.51
8037686_399U;504;36;75.72
7872635_300U;349;31;52.39
7835112_C31U;329;36;49.38
8240352_485U;773;44;116.22
5284789_139U;472;29;70.91
5277292_155U;1877;34;282.42
5363563_A13U;272;24;40.8
7388759_131U;422;36;63.38
7613809_174U;978;41;147.08
7276239_299U;241;27;36.13
5753578_049U;329;33;49.38
5536058_060U;306;28;45.92
4711019_E04U;248;35;37.18
8217815_535U;284;17;42.6
7730078_E37U;480;37;72.11
5202288_331U;320;37;48.02
5326086_003U;362;35;54.35
5472312_027U;190;23;28.45
5281081_002U;160;31;23.94
7024945_302U;329;22;49.38
7745081_278U;851;48;127.96
5299795_322U;415;31;62.33
5206045_330U;671;23;100.86
5179800_007U;248;26;37.18
5202303_585U;151;20;22.58
7272490_297U;633;38;95.14
8199088_223U;123;28;18.37
7887644_269U;290;32;43.51
8206564_523U;526;23;79.04
7898899_158U;275;29;41.25
8033950_250U;124;19;18.52
6604904_443U;779;34;117.12
8067746_201U;143;24;21.38
5674815_070U;499;29;74.97
7853869_217U;662;33;99.51
7587549_382U;632;32;94.99
7595051_383U;1134;35;170.57
2862347_633U;459;33;68.95
6631151_403U;216;18;32.37
3188639_618U;499;44;74.97
2851114_640U;205;32;30.71
2974868_747U;769;29;115.62
2926100_797U;225;32;33.72
2971149_644U;260;35;38.99
2888645_C98U;616;40;92.58
5168536_056U;205;23;30.71
7189977_121U;688;36;103.42
7381270_393U;1446;30;217.54
8030192_408U;384;34;57.66
7355004_146U;349;31;52.39
8037761_250U;111;17;16.56
5269807_008U;494;32;74.22
5247314_334U;172;24;25.74
5348566_012U;132;26;19.72
8247886_304U;380;34;57.06
5446051_087U;775;31;116.52
7501281_391U;449;42;67.44
8135291_267U;140;18;20.93
8206553_308U;248;28;37.18
8210333_293U;702;33;105.53
5839827_073U;416;33;62.48
1808066_2012040U;94;26;14
1716905_2012086U;130;26;19.42
1281377_2013166U;175;21;26.19
1306975_2013174U;317;27;47.57
1822501_2013267U;122;17;18.22
1834323_2013271U;602;34;90.48
1503064_2012002U;296;36;44.41
1508968_2012003U;465;34;69.85
1406671_2012006U;494;30;74.22
1983910_2012102U;136;30;20.32
1387649_2012137U;885;28;133.08
1520795_2012140U;443;34;66.54
909501_2012205U;229;22;34.32
915401_2012211U;741;38;111.4
906877_2012234U;204;25;30.56
95846_2013014U;149;12;22.28
1912377_2013291U;66;12;9.79
1916977_2013293U;197;28;29.51
1949107_2013698U;139;18;20.78
1583742_2012076U;149;28;22.28
1263028_2012167U;385;25;57.81
1247922_2012180U;141;30;21.08
1299101_2012201U;143;15;21.38
152457_2013025U;142;17;21.23
212817_2013033U;483;21;72.56
225284_2013034U;347;34;52.09
1794293_2012039U;143;16;21.38
1545055_2012073U;149;23;22.28
1557518_2012074U;139;24;20.78
1776621_2012150U;195;27;29.21
1760167_2012033U;285;27;42.75
1801517_2012095U;291;32;43.66
1806128_2012118U;436;34;65.49
1857312_2012133U;261;35;39.14
135869_2013022U;46;11;6.77
1362053_2013202U;434;37;65.19
1468298_2013227U;838;38;126.01
1485350_2012064U;127;28;18.97
1333209_2012163U;929;34;139.7
1893360_2013285U;524;32;78.73
1603396_2013239U;7;2;0.9
1616533_2013241U;68;13;10.09
1619169_2013242U;100;27;14.9
1642800_2013246U;174;26;26.04
1357479_2013196U;217;32;32.52
1365991_2013208U;95;19;14.15
1397469_2013217U;138;29;20.62
1430241_2013222U;267,5;22;40.12
468022_2013066U;340;35;51.03
470670_2013067U;9;4;1.2
494940_2013069U;63;10;9.33
1697850_2013254U;152;17;22.73
1807439_2013264U;61;18;9.03
1809417_2013265U;623;30;93.64
1819225_2013266U;47;10;6.93
660252_2013096U;247;25;37.03
1343033_2013188U;787;33;118.33
1348297_2013190U;100;19;14.9
1362724_2013204U;1674;38;251.86
1371226_2013210U;86;21;12.8
1621771_2012024U;220;23;32.97
1639475_2012025U;65;15;9.63
1642757_2012068U;504;25;75.72
1634911_2012112U;327;27;49.08
1638861_2012143U;547;30;82.2
1897291_2012050U;124;9;18.52
1701785_2012027U;309;26;46.37
1711627_2012028U;59;17;8.73
1697876_2012116U;140;22;20.93
1922216_2012051U;270;21;40.5
1918281_2012099U;324;21;48.63
1662430_2013250U;33;14;4.82
1704422_2013256U;83;19;12.34
1959643_2013305U;424;36;63.68
1964894_2013309U;539;34;80.99
1971409_2013311U;59;15;8.73
1976003_2013313U;85;13;12.65
1988489_2013317U;16;7;2.26
2049493_2012060U;314;28;47.12
2056052_2012062U;200;19;29.96
2053434_2012105U;418;37;62.78
1118722_2013137U;263;24;39.44
1240707_2013158U;414;33;62.17
1289266_2013167U;164;22;24.54
1301711_2013171U;223;22;33.42
1301070_2013172U;174;25;26.04
1310891_2013178U;488;34;73.31
2042893_2012057U;179;26;26.8
2042896_2012058U;626,75;37;94.2
1322061_2013180U;498;28;74.82
7459_2013004U;17;5;2.41
1254482_2013161U;74;14;10.99
1278081_2013164U;196;12;29.36
1306945_2013173U;212;6;31.76
2073133_2012005U;455,5;44;68.42
2044226_2012059U;397;20;59.62
1651969_2012113U;261;29;39.14
1680830_2012115U;164;19;24.54
119466_2012329U;329;11;49.38
391305_2013060U;263;33;39.44
429340_2013062U;21;9;3.01
2067857_2013353U;70;16;10.39
2035074_2012104U;401;32;60.22
1284641_2012173U;407;27;61.12
1287265_2012174U;399;13;59.92
1400081_2012063U;302;35;45.31
1959615_2013307U;185;15;27.7
1972073_2013312U;93;22;13.85
1987846_2013316U;503;25;75.57
971153_2012237U;1383,5;42;208.13
1827131_2012011U;793;34;119.23
1844146_2012045U;125;22;18.67
1872359_2012048U;136;22;20.32
1856615_2012069U;155;21;23.18
1819219_2012043U;159;19;23.79
1831679_2012044U;143;18;21.38
1848078_2012046U;278;18;41.7
1833680_2012096U;293;23;43.96
1534572_2012008U;358;27;53.74
1524732_2012141U;831;26;124.95
2041611_2013336U;82;21;12.19
2043590_2013337U;150;22;22.43
2057359_2013343U;111;23;16.56
769787_2013118U;226;26;33.87
967870_2013128U;1696;44;255.17
831447_2013121U;203;29;30.41
837352_2013122U;178;28;26.65
943608_2013126U;190;26;28.45
927866_2013125U;168;26;25.14
847185_2013577U;322;30;48.32
156218_2012331U;479;13;71.96
677917_2013100U;146;14;21.83
691730_2013109U;214;25;32.07
1044604_2013132U;774;49;116.37
1331225_2013183U;245;26;36.73
1376473_2013211U;129;19;19.27
1141025_2013142U;110;22;16.41
1160697_2013149U;387;36;58.11
1371220_2013209U;70;12;10.39
1617835_2012023U;163;19;24.39
1609981_2012078U;91;16;13.55
1648023_2012079U;194;27;29.05
1667708_2012080U;114;19;17.01
1669009_2012081U;179;29;26.8
1501081_2012016U;116;17;17.31
1567999_2012075U;71;17;10.54
2066556_2013352U;300;25;45.01
1451230_2012014U;203;18;30.41
1403375_2012106U;184;23;27.55
1415828_2012107U;270;36;40.5
1400762_2012124U;91;20;13.55
1766083_2012035U;50;18;7.38
1782505_2012093U;11;5;1.51
910809_2013124U;198;16;29.66
1148238_2013143U;300;21;45.01
1153484_2013144U;116;20;17.31
1240070_2013157U;897;30;134.89
1280048_2013165U;184;25;27.55
1327946_2013182U;270;30;40.5
1996994_2013318U;141;21;21.08
1999612_2013319U;34;12;4.97
2007497_2013322U;172;26;25.74
2008812_2013324U;142;30;21.23
2014067_2013325U;116;15;17.31
2015375_2013326U;68;10;10.09
1549614_2012019U;55;13;8.13
1558140_2012020U;31;8;4.52
1456501_2012071U;171;38;25.59
1339115_2012170U;621;35;93.34
1325990_2012194U;144;21;21.53
1272208_2012200U;147;22;21.98
2019949_2013328U;60;15;8.88
2023235_2013329U;125;23;18.67
2036399_2013335U;267;31;40.04
2065259_2013351U;257;29;38.54
2072449_2013358U;44;15;6.47
1930083_2013295U;105;18;15.66
1939266_2013299U;133;27;19.87
1955015_2013302U;82;21;12.19
1476827_2012072U;122;19;18.22
1329913_2012188U;203;20;30.41
1047231_2012240U;276;32;41.4
2049519_2013340U;268;29;40.2
2052793_2013342U;829;34;124.65
1995691_2012055U;57;11;8.43
1667690_2013251U;225;25;33.72
1672959_2013253U;320;26;48.02
1979284_2012053U;158;18;23.64
1990427_2012054U;94;8;14
302698_2012350U;150;19;22.43
1233507_2012197U;242;26;36.28
1133151_2012243U;314;24;47.12
1734602_2012030U;149;19;22.28
1747706_2012031U;75;14;11.14
1752952_2012032U;30;11;4.37
1708389_2012129U;175;29;26.19
477877_2013068U;130;14;19.42
500179_2013070U;44;6;6.47
509388_2013073U;45;8;6.62
534317_2013074U;5;3;0.6
704188_2012222U;359;28;53.89
715341_2012231U;219;26;32.82
569056_2013082U;62;11;9.18
611697_2013087U;98;17;14.6
647790_2013090U;128;21;19.12
656318_2013093U;235;18;35.23
666799_2013097U;166;17;24.84
735649_2013115U;1620;38;243.73
1926147_2012052U;158;21;23.64
351273_2012258U;66;15;9.79
2004071_1056U;587;40;88.22
1499234_1649U;379,5;29;56.98
1581124_3134U;144;22;21.53
1605396_3136U;351;27;52.69
1634272_3183U;1039;25;156.26
1624216_1281U;746,5;37;112.23
1717548_3019U;167;29;24.99
1721481_3020U;196;26;29.36
1756923_3141U;248;29;37.18
1811375_3167U;152;25;22.73
2042273_3050U;128;24;19.12
2042940_3106U;155;26;23.18
2062620_3121U;260;23;38.99
2069196_3189U;195;29;29.21
2067883_3228U;151;25;22.58
1110020_1341U;311;32;46.67
1329102_1420U;544,2;16;81.78
2027182_3049U;342;33;51.34
2016719_3225U;210;34;31.46
2036397_3226U;349;40;52.39
2060015_3227U;277;30;41.55
2031134_3562U;330;37;49.53
1473543_3078U;176;21;26.35
1425665_3110U;100;14;14.9
1292526_3152U;511;34;76.78
1474229_3209U;195;26;29.21
208877_3286U;270;22;40.5
325675_3296U;56;10;8.28
2015393_1006U;277,568;19;41.64
2023485_1008U;4;3;0.45
2008060_1032U;181;22;27.1
1598169_3098U;170;13;25.44
1470263_3076U;909;44;136.69
1455181_3111U;1905;49;286.64
1470921_3112U;676;47;101.62
1835628_3028U;62;13;9.18
1833662_3100U;556;29;83.55
1604753_3181U;242;34;36.28
1611312_3182U;516;29;77.53
980586_1409U;369,256;28;55.44
980593_1410U;1654;31;248.85
1169167_1326U;69,502;16;10.31
2060668_3188U;203;19;30.41
241693_3288U;140;21;20.93
166891_3273U;121;14;18.07
210152_3275U;113;12;16.86
169487_3282U;132;21;19.72
288920_3280U;128;25;19.12
181316_3283U;161;19;24.09
17073_3060U;21;9;3.01
137847_3094U;119;18;17.76
19926_3272U;129;4;19.27
1620461_3015U;278;25;41.7
254069_3278U;176;14;26.35
1415818_3002U;36;12;5.27
1297775_3169U;109;23;16.26
1306957_3171U;143;22;21.38
1320074_3172U;62;11;9.18
1306318_3267U;192;21;28.75
1480117_3129U;217;25;32.52
1480789_3262U;373;21;56
101097_3087U;103;18;15.36
1179705_3150U;180;27;26.95
1166601_3190U;178;22;26.65
1250560_3233U;381;24;57.21
1264338_3265U;169;19;25.29
847778_1405U;1342,242;29;201.92
1019349_1324U;15;8;2.11
838276_1383U;265,334;27;39.79
801172_1398U;382,5;35;57.43
808082_1400U;322,9;30;48.46
1499782_3114U;166;30;24.84
1444052_3179U;189;29;28.3
1446023_3208U;297;26;44.56
1915661_3036U;78;14;11.59
1931404_3037U;138;19;20.62
1939280_3038U;48;11;7.08
1911732_3103U;228;29;34.17
1924843_3104U;188;23;28.15
1915669_3118U;121;21;18.07
1418471_3206U;173;29;25.89
1440123_3261U;139;30;20.78
1167913_3191U;96;19;14.3
1075433_3248U;110;22;16.41
1078057_3249U;261;21;39.14
1104289_3250U;621;34;93.34
944725_1353U;220,84;27;33.1
900493_1363U;347,5;36;52.16
910229_1377U;190;18;28.45
900526_1391U;144,5;20;21.6
1941895_3039U;72;10;10.69
1946485_3040U;256;28;38.39
1947151_3041U;124;16;18.52
1955022_3042U;230;19;34.47
1953718_3119U;280;30;42
1697894_3185U;225;26;33.72
1697902_3217U;476;30;71.51
1724796_3218U;587;35;88.22
1265900_1654U;331;28;49.68
1618152_2154U;634;33;95.29
1560060_2236U;652;30;98
1554370_2269U;199;27;29.81
1614793_2563U;154;24;23.03
1544882_2673U;154;22;23.03
1785768_3026U;71;20;10.54
1792330_3027U;78;21;11.59
1798240_3120U;194;32;29.05
1796285_3142U;171;28;25.59
1770054_3254U;181;22;27.1
1298447_2170U;355;30;53.29
1493488_2178U;591;23;88.82
1393341_2316U;160;19;23.94
1400078_3001U;114;7;17.01
1353529_3155U;239;26;35.83
1299099_3234U;744;24;111.85
1317465_3235U;1188;34;178.7
1450525_2618U;827;40;124.35
1269885_2108U;289;37;43.36
1278417_2169U;157;22;23.48
1284124_2171U;519;32;77.98
93219_3067U;141;14;21.08
1669650_3017U;109;24;16.26
1646694_3082U;184;28;27.55
1653924_3116U;799;37;120.13
1642786_3137U;406;27;60.97
1650671_3215U;446;26;66.99
1653292_3216U;593;32;89.12
324328_3294U;68;12;10.09
1511603_3160U;223;25;33.42
1494557_3210U;717;32;107.79
1531946_3212U;259;26;38.84
1973090_1084U;380,5;38;57.13
1962926_3224U;372;26;55.85
1401358_2141U;1377;35;207.15
1307069_2208U;550;26;82.65
1324589_2309U;258;28;38.69
44650_3063U;279;18;41.85
55135_3065U;76;9;11.29
1315816_2132U;1891;44;284.53
120789_3070U;175;18;26.19
111600_3092U;226;23;33.87
1275539_2203U;913;50;137.3
1483896_2227U;1369;43;205.94
1634898_3099U;251;27;37.64
1652612_3122U;413,75;36;62.14
1644093_3138U;240;28;35.98
1653275_3139U;323;24;48.48
1791522_1230U;1569,5;43;236.13
1795182_1300U;149,5;22;22.36
1363365_3156U;358;39;53.74
1342377_3175U;599;18;90.03
1347637_3236U;741;37;111.4
1785469_1248U;450;39;67.59
1758766_1305U;251,752;27;37.75
1155334_1374U;1025;43;154.16
1266305_3255U;386;27;57.96
115518_3068U;675;22;101.47
90592_3086U;314;19;47.12
682511_3058U;739;16;111.1
683825_3059U;336;18;50.43
613022_3337U;64;14;9.48
641878_3339U;20;5;2.86
118141_3069U;699;11;105.08
108973_3091U;121;16;18.07
527071_3331U;43;14;6.32
543480_3333U;288;22;43.21
568403_3335U;165;26;24.69
592023_3349U;796;34;119.68
600551_3350U;1082;26;162.74
1819952_1237U;270,556;28;40.58
468676_3323U;70;10;10.39
479173_3325U;1342;36;201.88
478531_3326U;173;19;25.89
544138_3334U;99;11;14.75
469336_3347U;593;31;89.12
1817890_1223U;1357;30;204.14
1834572_1149U;218;14;32.67
1844101_1213U;449,698;34;67.55
1877636_3146U;196;26;29.36
1880244_3147U;271;26;40.65
1849876_1156U;540,212;35;81.17
1852029_1210U;1177,958;46;177.18
1852754_1211U;579,712;41;87.12
1522079_3009U;114;13;17.01
1526005_3010U;2125;42;319.75
1534557_3131U;309;24;46.37
1530625_3162U;611;30;91.83
1548335_3163U;281;26;42.15
1552271_3164U;600;33;90.18
1855968_1133U;439;37;65.94
1853467_1209U;224;14;33.57
866866_3199U;549;26;82.5
880640_3241U;392;26;58.86
1157420_3230U;438;25;65.79
1165291_3231U;294;30;44.11
975089_3245U;320;26;48.02
1019030_3246U;677;38;101.77
1146268_3251U;783;36;117.73
1955341_1003U;93;12;13.85
939863_1384U;714,5;29;107.41
922525_1406U;391,5;24;58.79
1132374_1429U;118,146;13;17.64
1325977_3174U;357;47;53.59
1872812_1168U;278,5;28;41.78
1869634_1177U;738,96;41;111.1
361055_3299U;94;15;14
400460_3306U;167;14;24.99
1855318_3144U;456;39;68.5
1848779_3220U;608;29;91.38
1136433_3270U;423;37;63.53
1874986_3032U;72;21;10.69
1887443_3033U;144;20;21.53
796026_3258U;548;35;82.35
822263_3260U;145;25;21.68
1733757_1282U;608;31;91.38
1973381_3045U;273;23;40.95
1983883_3046U;171;26;25.59
1987816_3047U;205;20;30.71
733022_3056U;569;18;85.51
743545_3196U;2330;49;350.62
1910446_3222U;165;27;24.69
82721_3066U;176;26;26.35
89282_3085U;130;20;19.42
747482_3197U;293;21;43.96
855713_3239U;546;34;82.05
799305_3259U;693;38;104.18
828166_3269U;356;24;53.44
1895088_1160U;968,8;40;145.7
1899342_1169U;214,5;25;32.14
1894422_1199U;1041,604;45;156.66
1900563_1147U;447,686;37;67.25
1893425_1198U;657,002;44;98.76
965148_1422U;174;18;26.04
1641474_3165U;1321;36;198.72
1638863_3214U;587;32;88.22
324376_3295U;1090;14;163.94
363739_3300U;34;14;4.97
388663_3304U;154;26;23.03
406358_3310U;127;27;18.97
381398_3302U;190;30;28.45
407695_3309U;178;31;26.65
449018_3319U;522;43;78.43
458193_3321U;2338;51;351.82
433235_3316U;19;8;2.71
450949_3320U;31;10;4.52
483795_3327U;168;7;25.14
497567_3329U;20;5;2.86
426701_3902U;457;43;68.65
206256_3285U;21;6;3.01
1898587_3035U;112;21;16.71
1873684_3145U;313;31;46.97
1214643_1348U;271,572;32;40.73
1107319_1380U;220,502;24;33.04
1054815_1372U;298,5;21;44.79
1071251_1373U;733,714;45;110.31
239069_3287U;1461;25;219.79
1925305_1183U;329,498;37;49.45
1355493_3125U;328;26;49.23
1579813_3133U;182;32;27.25
1344998_3153U;216;28;32.37
1458445_3005U;2577;33;387.8
1409269_3095U;467;34;70.15
1470931_3128U;593;45;89.12
1501763_3130U;429;31;64.43
1422396_3157U;733;34;110.2
1907233_1138U;228,504;30;34.25
1903650_1167U;261;31;39.14
1898683_1170U;483,5;25;72.64
426702_3315U;122;13;18.22
1922543_1217U;166;16;24.84
1923919_1619U;537,502;38;80.77
2014753_1035U;427,5;36;64.21
2013506_1140U;419;37;62.93
1917229_1174U;462,502;37;69.48
1916657_1232U;491;23;73.77
1874996_3103U;204;22;30.56
1212522_3176U;523;30;78.58
1224325_3171U;412,002;34;61.87
1564053_3006U;56;9;8.28
1491255_3052U;212;25;31.76
95838_3265U;56,502;10;8.36
55149_3271U;75;15;11.14
1458453_3002U;754;21;113.36
1407966_3090U;338;33;50.73
1447320_3091U;1787;37;268.87
1472902_3109U;632,504;36;95.07
1449307_3153U;1648,5;28;248.02
1485374_3135U;469,502;35;70.53
1839559_3021U;214;30;32.07
1852015_3022U;320;30;48.02
1852679_3023U;187,5;18;28.08
1814654_3101U;347,5;31;52.16
2016621_1098U;283,5;37;42.53
2021363_1099U;470;37;70.6
1918074_1160U;103,788;14;15.47
929946_1477U;314,3;27;47.17
1252512_3162U;525,5;38;78.96
1331882_3163U;224;23;33.57
1880474_1169U;378,502;32;56.83
1900562_1171U;385,5;30;57.88
1906004_1181U;164;20;24.54
1699211_3124U;628,5;35;94.47
1707081_3125U;432,502;39;64.96
1636240_3142U;519,002;32;77.98
1789737_3147U;566,5;38;85.13
1642751_3508U;4;2;0.45
886019_1473U;417,75;35;62.74
1261362_2087U;358,568;31;53.83
1312975_2576U;146;31;21.83
1483963_2236U;191,25;28;28.64
1508753_2257U;455;27;68.35
1438610_2219U;213;29;31.92
1452949_2220U;234,4;33;35.14
1565788_2541U;893,502;34;134.36
1581001_2547U;234,5;24;35.15
1493531_2610U;565,5;30;84.98
1210297_2621U;315,202;32;47.3
1764115_3020U;147,5;23;22.05
1779219_3060U;475,002;35;71.36
1774638_3100U;69,5;14;10.31
1772678_3146U;265;25;39.74
1777272_3157U;586,5;36;88.14
1417791_3045U;577,5;32;86.79
1406645_3084U;374;27;56.15
1320747_3178U;590,5;30;88.75
1557490_3005U;155,5;32;23.26
1226931_3161U;653;28;98.15
1274174_3169U;442;25;66.39
1246625_3172U;222,5;38;33.35
1254497_3173U;356;28;53.44
1294508_3174U;1090,5;36;164.02
98455_3273U;269,5;16;40.42
261282_3290U;382,5;14;57.43
1729338_3016U;186,5;20;27.93
1737208_3017U;199,5;27;29.88
1746393_3018U;354;32;53.14
1737232_3072U;382,502;33;57.43
1747736_3098U;536,002;35;80.54
145058_3276U;92;14;13.7
1707048_3015U;161;19;24.09
1788398_3061U;547;38;82.2
1786429_3073U;499,5;29;75.05
1810705_3076U;595,5;32;89.5
1814641_3077U;668,5;36;100.49
1275458_3158U;395,5;19;59.39
1148894_3206U;224,5;21;33.65
1112164_3208U;220,002;25;32.97
1880226_3026U;82,502;22;12.27
1885515_3148U;311,5;33;46.74
1175788_3177U;467,5;26;70.23
971150_3193U;463;25;69.55
1026897_3194U;1250,5;36;188.1
1001327_3209U;321;32;48.17
334863_3221U;36;10;5.27
362435_3225U;14;6;1.96
364389_3226U;49,5;11;7.3
1600797_3057U;227;28;34.02
1659855_3122U;151,5;22;22.66
1747754_3128U;228,5;25;34.25
1683469_3145U;483,002;29;72.56
864333_1381U;238;21;35.68
859573_1426U;422;27;63.38
1941899_3065U;256,5;33;38.46
1966837_3083U;420,018;30;63.08
1932739_3105U;322,752;30;48.44
812771_1467U;170;24;25.44
357843_3224U;16,5;6;2.33
1973714_1114U;170;17;25.44
942348_1442U;34;8;4.97
1927457_3031U;191;27;28.6
1949772_3066U;293,07;32;43.97
2048205_3087U;185,5;24;27.78
2064605_3089U;151,5;19;22.66
1966850_3106U;202;28;30.26
866780_1461U;160;12;23.94
1006376_1363U;1295,5;39;194.88
1431570_2149U;826;24;124.2
1543006_2546U;613;33;92.13
1625698_3011U;110;6;16.41
1626365_3012U;176,5;18;26.42
1642796_3013U;348,5;28;52.31
1650645_3058U;340;27;51.03
1638845_3095U;415,666;29;62.43
1608677_3114U;399,5;33;59.99
1627040_3115U;226;24;33.87
1281204_2231U;155,5;32;23.26
1244264_2239U;138;24;20.62
1618106_2265U;507;34;76.18
1608657_3009U;96;23;14.3
1679503_3059U;231,5;22;34.7
1666387_3071U;665;39;99.96
1686730_3096U;232,5;31;34.85
1687388_3097U;448,502;33;67.37
1625830_1277U;2322,36;40;349.47
1612515_1293U;737,502;28;110.88
1922909_3149U;389,002;24;58.41
285001_3216U;69;13;10.24
2016673_3038U;202;16;30.26
2037031_3042U;311,864;28;46.8
1988504_3118U;221;24;33.12
174595_3269U;44;5;6.47
133899_3275U;140,5;14;21
2006188_3035U;180,5;33;27.02
2009477_3036U;115;8;17.16
2012741_3037U;144;28;21.53
2016678_3039U;168,5;22;25.22
2016693_3040U;114,5;10;17.09
334227_3222U;15;3;2.11
344043_3223U;33,5;8;4.89
1969439_3032U;199,5;33;29.88
1996988_3034U;68,5;17;10.16
2050761_3043U;229,336;25;34.37
1893352_3027U;263,502;34;39.52
1890742_3104U;801,5;38;120.51
1311780_1316U;276;30;41.4
1841198_1235U;613,8;35;92.25
1752613_1246U;535,184;31;80.42
1993100_1134U;280,5;27;42.08
1760124_1280U;377,5;33;56.68
1756075_1331U;679,818;45;102.19
1903833_3028U;108;20;16.11
1914325_3029U;548,502;30;82.42
1916956_3030U;170,502;25;25.52
1922219_3064U;180;23;26.95
1810913_1256U;1153,5;47;173.5
1774711_1262U;302,002;21;45.31
1591634_3140U;484,002;30;72.71
1486668_3051U;125;16;18.67
1523421_3137U;653;25;98.15
1570647_3156U;569;25;85.51
1343856_1352U;84;11;12.5
72217_3272U;429,5;19;64.51
18614_3277U;206;12;30.86
73722_3279U;199,5;8;29.88
698259_3179U;483;24;72.56
739613_3188U;142,5;9;21.3
790776_3197U;274,5;19;41.17
295507_3217U;30;7;4.37
231839_3283U;30;8;4.37
714688_3187U;279;27;41.85
750762_3196U;455;33;68.35
652329_3212U;297,5;14;44.64
681201_3213U;815;28;122.54
613014_3261U;1200,5;34;180.58
1798439_1271U;158,754;13;23.75
1797993_1345U;502,5;35;75.5
404362_3229U;265,5;21;39.82
405690_3230U;354;25;53.14
396518_3252U;1035,504;49;155.74
364390_3803U;419;22;62.93
1988061_1105U;102;11;15.2
1813409_1247U;1380,502;46;207.68
1796634_1312U;383,728;27;57.62
1817582_1325U;818,002;40;122.99
1798011_1346U;1123,504;33;168.99
485745_3242U;24;11;3.46
555937_3245U;160;20;23.94
447694_3256U;1760,002;48;264.81
473929_3257U;2430,5;28;365.75
1983229_1093U;175,75;31;26.31
1982270_1103U;320,5;22;48.1
1982577_3033U;256,5;28;38.46
2024550_3041U;221,5;17;33.19
1976021_3067U;225,502;27;33.8
2071799_3068U;119,298;23;17.81
126023_3268U;122,5;16;18.29
123409_3270U;251;24;37.64
1429629_3154U;718;25;107.94
2001741_1097U;230,5;31;34.55
1525425_1269U;295,5;27;44.34
1043955_1407U;991,698;45;149.14
1043956_1408U;525,904;34;79.02
1946664_1586U;481,5;38;72.34
901627_3184U;757;28;113.81
918684_3191U;332,502;30;49.91
824885_3198U;232,5;33;34.85
927868_3192U;196,5;23;29.43
907534_3207U;154;16;23.03
883920_3200U;269,502;31;40.42
1849873_1227U;567,002;45;85.21
1835998_1152U;306,004;33;45.92
1833099_1194U;470;42;70.6
1834217_1240U;567,5;38;85.28
1844098_1186U;195,502;14;29.28
1577820_3008U;22;9;3.16
1546366_3092U;409;24;61.42
1590321_3120U;1184,5;36;178.17
189190_3281U;154;20;23.03
209494_3282U;307,002;19;46.07
1846278_1219U;1025,504;47;154.23
1608032_3121U;506,002;31;76.02
1629680_3141U;642,002;26;96.5
1648043_3144U;535;33;80.39
1854503_1145U;296,502;34;44.49
1850956_1220U;627,502;35;94.32
1386808_1657U;488,502;37;73.39
1529957_3055U;2970,004;37;446.96
1550285_3070U;290,5;29;43.58
1516851_3110U;341;25;51.18
1562777_3155U;443;31;66.54
1523420_3802U;1165;31;175.23
1425004_3046U;710,25;38;106.77
1456490_3049U;246;26;36.88
1836947_3078U;1232,004;42;185.32
1358764_1335U;650,09;38;97.72
1279410_3165U;497,5;28;74.74
1194151_3167U;1111;23;167.1
111578_3267U;109,5;15;16.33
111587_3274U;182,002;17;27.25
385400_3227U;174,5;26;26.12
420171_3233U;31;12;4.52
483808_3241U;5;2;0.6
368287_3251U;85,5;16;12.72
481810_3258U;589,5;37;88.59
1112985_1733U;527;37;79.19
1452583_3134U;398;27;59.77
569720_3246U;55;13;8.13
572343_3247U;27;9;3.91
649756_3250U;107;17;15.96
607767_3260U;818;32;122.99
416175_3231U;67;12;9.94
418830_3232U;106,5;17;15.88
445735_3235U;25;11;3.61
477197_3240U;37;7;5.42
505451_3244U;27;9;3.91
1514683_2334U;548;47;82.35
1909108_3073U;529;18;79.49
1893349_3136U;191;20;28.6
1894663_3147U;108;22;16.11
1928789_3069U;591;31;88.82
1915011_3077U;318,25;26;47.76
1262339_3160U;72;9;10.69
1238099_3244U;410;25;61.57
1529299_3068U;818;42;122.99
1526674_3075U;237;26;35.53
1480116_3276U;314;39;47.12
1798898_3059U;666;37;100.11
1764786_3062U;348;29;52.24
1821870_3089U;291;25;43.66
1808711_3145U;63;16;9.33
1921992_1164U;560;32;84.15
1949115_3076U;365;37;54.8
1882885_3090U;540;40;81.14
1426986_3096U;221;24;33.12
1348937_3122U;247;35;37.03
2021761_1226U;499;43;74.97
2020069_1399U;870;36;130.82
1743153_3101U;204;28;30.56
1442057_3153U;99;16;14.75
1730699_3191U;209;19;31.31
1782517_3235U;360;35;54.05
1362725_3237U;412;37;61.87
1375842_3238U;733;26;110.2
1786457_3263U;201;20;30.11
1787736_3645U;416;29;62.48
1796252_3647U;32;14;4.67
1470926_3065U;232;26;34.78
1352870_3106U;365;32;54.8
1573238_3157U;22;10;3.16
1307626_3247U;459;28;68.95
1918307_3110U;858;26;129.02
1761491_1783U;265;22;39.74
1716239_3066U;324;33;48.63
1909090_3125U;233;28;34.93
1701800_3137U;159;30;23.79
1892031_3143U;347;29;52.09
1720163_3175U;346;42;51.94
1725448_3210U;376;34;56.45
1784960_1347U;694;40;104.33
1958303_3081U;173;24;25.89
1808711_3903U;39;21;5.72
1272194_3103U;372;32;55.85
1603394_3128U;71;13;10.54
1548305_3131U;87;14;12.95
1543713_3144U;164;19;24.54
1598191_3199U;421;41;63.23
1918639_1122U;77;18;11.44
1916041_1216U;399;34;59.92
1339304_2174U;63;17;9.33
1379627_2197U;145;31;21.68
1844830_1222U;256;39;38.39
1842291_1301U;522;37;78.43
1624403_3057U;106;24;15.81
1630974_3098U;151;28;22.58
1636220_3099U;131;28;19.57
1624383_3127U;180;23;26.95
2042913_3129U;23;8;3.31
2056033_3154U;16;8;2.26
1895378_1635U;217;35;32.52
1614563_3052U;254;28;38.09
1585053_3078U;213;28;31.92
1587673_3080U;230;28;34.47
1607364_3091U;156;24;23.33
1249969_2152U;285;27;42.75
1267016_2256U;245;33;36.73
1224471_2654U;223;34;33.42
1882545_1147U;282;43;42.3
1889365_1121U;263;32;39.44
1891754_1291U;231;35;34.63
1850238_1288U;404;42;60.67
2004886_3141U;253;29;37.94
1374532_3208U;323;28;48.48
1434216_3236U;1465;48;220.4
1385683_3241U;266;28;39.89
1852752_1299U;680;43;102.22
1843021_1358U;421;29;63.23
1713627_3107U;228;32;34.17
1661118_3177U;85;13;12.65
1674277_3196U;153;25;22.88
1678874_3209U;314;35;47.12
1894419_1252U;164;13;24.54
1457804_3060U;992;47;149.19
1487309_3135U;307;32;46.07
1482069_3180U;48;10;7.08
1469635_3206U;343;33;51.49
1474887_3239U;144;20;21.53
1854876_1123U;253;21;37.94
1893055_1133U;482;38;72.41
1107382_1269U;221;29;33.12
1892422_1297U;337;40;50.58
1115796_1769U;263;22;39.44
1115794_1816U;403;43;60.52
1884968_1895U;714;42;107.34
3946_3168U;181;10;27.1
135219_3173U;475;17;71.36
44640_3174U;8;4;1.05
53837_3172U;161;15;24.09
102391_3185U;84;20;12.5
94533_3186U;142;18;21.23
1054767_1180U;527;36;79.19
1844108_1292U;554;43;83.25
1043946_1308U;179;27;26.8
1561436_3064U;173;17;25.89
1562759_3087U;225;24;33.72
1569979_3093U;210;28;31.46
1554864_3140U;134;20;20.02
1588357_3193U;293;27;43.96
1563963_2768U;380;28;57.06
1244333_2229U;164;24;24.54
1182016_2678U;337;49;50.58
954980_1270U;316;37;47.42
1609782_2227U;406;42;60.97
1584909_2667U;257;22;38.54
1523546_1153U;446;30;66.99
1614803_2201U;376;35;56.45
1548690_2330U;998;39;150.09
1410590_1381U;195;28;29.21
1588598_2284U;664;41;99.81
334783_3288U;66;5;9.79
1497968_2275U;951;43;143.02
1433823_2299U;436;29;65.49
1954887_1131U;531;18;79.79
1956109_1580U;288;21;43.21
1439966_1191U;298;29;44.71
1439962_1329U;177;22;26.5
1301328_2248U;547;35;82.2
1354065_2325U;895;38;134.59
2865_3298U;32;7;4.67
1739839_3133U;200;29;29.96
93860_3171U;161;19;24.09
1792364_3204U;301;25;45.16
1770055_3255U;158;18;23.64
1764805_3277U;237;26;35.53
1564065_3061U;508;45;76.33
1547666_3071U;406;42;60.97
1535185_3150U;104;20;15.51
108975_3182U;226;19;33.87
2044924_3197U;240;22;35.98
2044266_3198U;211;20;31.61
124724_3170U;498;18;74.82
87973_3187U;67;6;9.94
107665_3188U;460;16;69.1
1943965_1303U;397;34;59.62
1818385_1335U;533;33;80.09
380763_3004U;211;24;31.61
370908_3013U;321;22;48.17
374908_3032U;201;19;30.11
382718_3033U;388;30;58.26
368972_3039U;47;10;6.93
395897_3524U;407;31;61.12
1525471_1331U;287;30;43.06
1603895_1555U;359;25;53.89
930492_3218U;126;16;18.82
752072_3220U;256;32;38.39
994112_3259U;1027;41;154.46
1756746_1340U;680;37;102.22
1785457_1348U;341;30;51.18
2023268_3117U;332;28;49.83
691697_3163U;220;19;32.97
916060_3224U;315;25;47.27
825540_3227U;355;20;53.29
913433_3280U;427;31;64.13
919993_3281U;205;12;30.71
909497_3284U;401;28;60.22
1740044_1205U;445;36;66.84
637958_3019U;88;8;13.1
1173822_3214U;155;18;23.18
969184_3249U;600;34;90.18
1143645_3251U;372;36;55.85
967872_3254U;918;47;138.05
333470_3287U;107;7;15.96
233806_3291U;54;15;7.98
231182_3799U;203;17;30.41
717938_3164U;148;13;22.13
748794_3215U;516;18;77.53
717309_3223U;69;13;10.24
878673_3248U;87;12;12.95
794057_3269U;129;26;19.27
582201_3030U;63;16;9.33
660896_3228U;173;19;25.89
869183_1265U;444;28;66.69
883564_1274U;473;35;71.06
204286_3290U;352;12;52.84
211499_3790U;137;12;20.47
170170_3795U;136;20;20.32
1138030_1008U;128;17;19.12
1006402_1048U;198;22;29.66
952384_1111U;667;36;100.26
990901_1262U;280;18;42
990919_1266U;967;32;145.43
1661148_3088U;139;22;20.78
1691322_3095U;294;26;44.11
1676879_3149U;253;35;37.94
1667685_3179U;227;30;34.02
893084_1024U;169;23;25.29
840602_1173U;169;20;25.29
812682_1376U;206;28;30.86
803520_1314U;365;36;54.8
810430_1315U;364;38;54.65
805808_1369U;241;34;36.13
810430_1368U;592;38;88.97
805808_1373U;943;38;141.81
1993378_1898U;261;30;39.14
1402061_3094U;223;25;33.42
1444697_3113U;167;26;24.99
1474224_3190U;365;37;54.8
1816273_1013U;16;7;2.26
1794797_1206U;209;29;31.31
534292_3024U;58;11;8.58
532994_3041U;74;16;10.99
510667_3047U;534;32;80.24
519193_3049U;472;30;70.91
529034_3262U;12;4;1.66
199030_3800U;539;27;80.99
1760803_1152U;285,25;28;42.79
1758761_1200U;335;25;50.28
430006_3001U;498;36;74.82
500867_3009U;29;12;4.22
443749_3042U;169;17;25.29
419481_3043U;198;25;29.66
562512_3261U;288;27;43.21
306666_3509U;24;6;3.46
394557_3011U;362;31;54.35
415553_3018U;76;13;11.29
393197_3021U;3;2;0.3
402457_3025U;53;14;7.83
419518_3031U;158;20;23.64
428640_3512U;23;5;3.31
1678301_1738U;367;31;55.1
567093_3005U;144;24;21.53
486409_3008U;207;25;31.01
465429_3010U;68;14;10.09
489706_3038U;206;21;30.86
596609_3046U;65;14;9.63
692380_3216U;886;42;133.23
719276_3221U;697;39;104.78
905323_1172U;493;42;74.07
857236_1235U;234;29;35.08
854867_1257U;395;43;59.31
2009237_1360U;357;33;53.59
838328_1374U;508;38;76.33
852478_1377U;505;28;75.87
2007937_1896U;273;41;40.95
864395_1234U;626;39;94.09
854887_1276U;612;18;91.98
2002492_1860U;234;26;35.08
924949_1272U;650;39;97.7
927429_1273U;399;32;59.92
924946_1320U;459;31;68.95
1381716_3132U;176;21;26.35
1288576_3159U;231;22;34.63
1274145_3161U;16;8;2.26
1322055_3211U;790;38;118.78
1322057_3245U;243;29;36.43
1333211_3257U;582;30;87.47
1869765_3085U;282;28;42.3
1860551_3152U;72;22;10.69
1836971_3231U;468;31;70.3
1845498_3900U;386;38;57.96
1337948_1006U;700;37;105.23
1358776_3116U;236;27;35.38
1383028_3156U;40;16;5.87
1533917_3192U;231;24;34.63
1525389_3266U;703;30;105.68
1491926_3120U;246;29;36.88
1547032_3230U;355;33;53.29
1928123_3051U;439;42;65.94
2041589_3138U;23;12;3.31
333573_3007U;20;7;2.86
343423_3028U;25;4;3.61
357165_3029U;295;25;44.26
361106_3022U;172;25;25.74
1885517_3265U;1772;29;266.61
2000265_1230U;391;35;58.71
2037709_3232U;425;30;63.83
2063293_3272U;297;22;44.56
2065262_3278U;257;26;38.54
1223281_1188U;218;27;32.67
2003949_1803U;755;27;113.51
1966838_3070U;208;16;31.16
1990470_3097U;174;29;26.04
